200
3980
80 65 8
185 108 8
104 107 4
71 196 6
101 119 2
159 41 17
173 46 4
55 54 7
91 167 9
63 56 8
81 35 8
86 1 13
67 189 9
183 92 14
126 52 6
150 124 11
98 82 1
108 38 13
176 77 5
189 32 16
54 167 2
91 109 11
113 165 11
91 46 10
198 152 5
62 2 17
30 90 8
195 23 5
58 156 9
172 108 5
83 18 18
107 87 13
119 161 2
66 146 6
26 52 14
178 112 14
32 180 17
128 90 19
79 60 10
134 185 5
155 179 2
154 78 19
170 173 3
151 25 3
108 99 8
94 134 2
55 33 14
120 6 14
61 68 12
30 25 4
187 161 1
91 95 15
94 39 7
41 33 8
60 16 19
55 112 1
54 45 18
180 68 7
18 144 6
171 105 10
163 102 19
24 100 6
76 140 3
88 158 11
100 60 20
147 33 13
42 13 5
37 52 19
90 77 1
64 182 17
188 136 6
145 164 17
35 130 8
163 150 11
67 103 20
37 49 9
187 82 4
162 121 14
48 132 12
102 66 17
34 191 15
185 168 1
27 70 14
39 25 14
10 86 12
19 66 20
185 141 8
19 113 2
86 11 1
173 96 15
151 115 2
17 73 18
137 36 2
20 45 4
75 93 12
172 190 5
34 21 1
30 54 16
60 41 20
29 125 8
105 74 16
2 87 18
17 182 17
157 137 8
18 178 3
81 53 4
117 132 16
154 4 7
103 127 6
8 30 5
81 74 16
77 29 19
97 79 7
193 183 4
11 46 18
64 31 10
88 84 3
43 64 14
37 50 12
19 162 19
110 58 6
9 133 16
190 178 1
180 130 7
38 95 15
25 17 1
96 98 16
104 192 13
184 152 8
126 195 11
29 187 17
152 43 17
131 193 17
101 14 7
27 145 13
191 115 6
127 0 8
97 147 1
52 68 1
97 61 5
28 136 16
136 115 4
29 103 3
3 176 7
49 25 9
180 24 4
153 115 8
57 95 19
19 197 7
66 77 14
108 82 1
158 43 7
65 108 13
112 84 10
174 140 11
98 191 7
35 131 6
156 183 7
183 73 19
6 13 6
164 64 2
90 151 4
98 81 5
79 14 11
58 30 9
146 150 2
101 28 11
135 10 11
61 78 13
12 11 9
90 177 3
1 83 9
98 155 17
157 122 4
112 96 16
61 141 11
132 127 8
11 186 2
73 94 1
42 25 14
72 2 19
27 60 18
44 98 16
186 107 7
199 69 19
183 15 18
3 135 18
72 37 15
112 1 13
0 99 15
157 131 4
181 178 12
57 169 19
42 55 2
60 173 8
63 84 17
166 157 16
15 17 4
168 35 2
158 90 13
184 143 16
122 158 15
184 133 4
57 124 15
5 143 4
38 127 5
51 175 2
56 111 18
137 84 4
77 1 7
188 170 10
76 184 17
59 109 10
29 16 6
156 38 10
98 119 10
22 56 3
38 31 6
1 157 20
199 108 20
54 157 15
113 96 2
79 127 13
167 163 15
175 54 13
54 58 4
110 143 17
38 165 14
57 99 20
179 138 1
126 82 17
99 171 9
30 39 20
13 172 7
191 103 3
13 175 16
140 170 20
168 78 20
32 159 10
10 2 6
114 192 17
60 56 7
41 129 20
68 4 10
156 75 18
33 194 10
134 108 13
106 139 14
183 7 15
118 173 18
37 35 17
27 80 20
61 139 2
179 69 16
179 54 13
163 165 5
45 1 9
22 194 10
84 28 7
161 50 9
114 52 8
12 73 16
157 98 10
33 72 6
91 85 15
171 79 11
161 145 12
144 106 3
173 107 2
132 51 4
193 163 7
139 181 16
22 6 16
40 93 12
128 151 16
171 120 12
129 85 13
161 135 7
32 161 20
194 97 4
16 183 8
47 1 8
132 189 17
7 147 17
11 5 18
48 127 5
164 126 4
186 40 5
35 132 20
189 171 1
166 114 6
17 13 3
137 194 13
24 163 4
33 144 7
135 67 18
21 109 6
67 18 2
159 66 10
89 104 18
160 14 10
33 101 5
0 189 10
51 12 8
91 96 2
81 185 17
102 138 12
48 95 5
116 21 20
34 20 10
181 143 2
137 92 14
19 84 10
119 191 6
137 26 17
197 67 19
136 39 7
4 9 8
68 176 11
86 88 17
9 152 10
112 37 7
126 189 12
55 45 4
163 61 1
110 77 8
189 188 3
60 106 7
166 26 2
149 15 13
193 161 2
27 57 16
133 195 4
38 37 13
108 57 11
143 137 18
190 112 18
7 196 9
121 49 16
37 43 3
199 195 1
175 120 18
130 128 5
118 188 4
99 2 8
141 99 4
76 121 20
58 38 10
48 105 18
9 111 18
35 70 10
140 15 6
151 49 2
153 97 3
110 55 10
46 199 13
103 199 11
52 109 16
104 78 17
42 189 5
160 95 18
194 39 19
146 105 12
146 16 8
32 192 1
137 33 10
161 45 4
74 164 9
155 29 8
146 155 12
134 25 8
33 46 19
25 75 9
118 172 3
139 149 10
21 190 15
179 81 2
131 26 3
132 94 9
147 160 19
169 111 1
146 122 10
147 14 6
11 171 11
123 65 18
23 90 1
124 38 15
190 54 15
148 84 11
163 108 1
16 51 17
59 188 13
68 46 18
58 46 7
5 175 14
13 101 16
181 32 7
111 121 6
59 138 1
141 183 5
135 133 11
89 46 17
77 15 13
78 164 4
161 199 5
77 175 14
122 92 1
36 160 15
163 28 12
71 194 6
149 107 19
87 62 19
150 104 9
117 96 5
115 111 11
178 60 7
175 185 2
1 17 18
69 106 1
98 110 15
0 145 19
60 9 15
47 74 15
17 98 10
78 97 7
158 47 14
95 3 2
89 87 2
64 144 16
24 89 12
146 171 6
152 130 12
199 123 8
113 0 9
175 22 15
17 163 17
8 81 7
109 136 4
121 7 19
194 163 3
126 135 1
56 133 12
20 74 12
7 154 19
28 15 8
19 131 17
182 7 16
139 151 11
168 175 10
132 78 14
94 187 4
199 104 14
138 83 2
59 117 2
96 118 11
133 105 11
28 194 1
173 192 3
88 89 19
77 147 18
81 191 4
159 150 15
151 129 2
43 114 12
87 153 20
122 138 5
71 184 3
140 197 6
115 186 2
18 175 13
51 145 17
108 105 3
93 143 8
124 26 8
114 24 16
182 29 6
166 149 1
104 36 10
36 60 8
12 35 18
180 47 6
189 127 6
51 148 6
160 89 15
118 34 3
10 9 6
19 46 5
196 182 15
114 133 17
24 45 8
43 105 14
82 109 15
50 155 6
174 116 11
80 190 2
97 99 15
67 199 9
69 181 1
24 103 17
87 17 20
138 32 2
86 21 15
68 38 19
181 177 12
164 100 18
19 70 6
9 87 2
170 186 18
35 16 19
194 136 14
10 21 6
3 125 2
188 154 9
13 180 5
160 143 5
72 167 11
87 73 9
162 38 8
156 83 2
154 33 11
70 150 11
35 196 10
177 93 2
65 61 11
55 39 8
47 81 11
67 17 19
151 176 17
6 141 16
26 120 9
49 84 8
59 156 14
121 145 12
68 128 15
185 1 16
72 116 14
174 35 17
22 23 10
149 100 5
18 151 11
172 9 18
61 116 15
162 126 1
112 102 7
116 177 17
43 191 20
158 61 11
165 67 4
106 51 3
55 118 11
194 126 9
92 28 14
170 2 18
152 112 5
51 183 6
90 104 9
187 151 18
32 27 10
109 79 18
94 58 8
108 70 5
144 99 8
123 144 19
95 151 3
18 23 19
64 170 15
89 99 6
180 20 12
159 186 20
38 86 10
25 47 12
97 146 1
105 47 19
69 114 6
148 136 15
170 92 13
62 160 13
186 13 4
119 156 17
160 91 6
74 88 7
186 50 19
149 131 13
114 168 7
91 193 9
95 98 20
42 115 11
148 160 2
21 150 12
31 99 13
120 67 7
168 63 13
70 82 9
104 0 20
89 149 17
100 146 11
19 184 6
111 157 1
172 36 9
199 113 11
29 195 9
196 43 1
140 24 14
144 114 7
21 38 19
27 25 3
181 81 11
3 108 5
162 25 18
192 83 10
198 69 13
172 77 14
159 183 1
41 124 9
69 134 9
1 29 14
66 193 18
100 122 11
127 152 4
125 114 8
69 36 15
57 181 9
146 54 10
119 89 6
194 29 13
54 7 9
95 185 15
191 177 7
1 131 6
159 142 3
168 64 16
4 37 8
134 68 20
173 75 19
15 195 19
34 30 19
26 184 7
126 160 13
40 26 4
141 150 10
88 129 12
196 101 14
70 146 13
159 35 18
120 86 14
158 6 2
48 131 16
93 192 12
184 67 12
184 199 2
192 17 5
171 38 3
30 186 6
84 165 9
0 112 10
14 49 13
194 48 14
43 110 3
158 57 3
26 181 2
23 103 14
192 39 6
48 56 11
33 71 17
65 181 10
32 174 4
36 101 12
33 140 10
129 71 13
143 123 19
108 42 12
158 41 16
25 111 13
141 173 16
148 190 19
55 167 9
78 68 15
27 89 13
8 154 9
149 134 15
80 107 15
155 23 4
149 51 13
117 14 2
21 115 5
98 55 6
128 19 14
106 185 5
175 192 11
141 147 2
76 119 14
10 87 9
110 0 4
131 107 11
2 162 3
178 142 2
41 19 6
180 166 20
105 98 14
64 42 8
65 8 4
134 192 18
157 67 1
145 112 11
99 70 5
160 127 20
14 5 7
74 192 4
76 131 2
69 126 3
80 196 20
48 69 4
160 27 12
120 190 20
135 66 17
9 38 6
127 93 9
140 128 16
156 132 18
147 138 5
133 47 1
172 95 5
55 57 10
155 157 19
139 128 1
193 67 7
194 130 17
185 100 18
174 67 12
104 180 19
89 126 5
1 20 9
61 102 15
97 75 18
159 29 10
139 31 1
114 98 13
127 27 12
71 101 9
33 162 11
109 42 3
53 74 6
115 178 15
23 157 11
52 67 20
53 8 1
161 108 1
5 114 12
195 175 12
147 136 7
43 59 18
94 32 2
47 135 6
7 10 15
139 3 6
178 92 3
192 152 5
124 182 9
193 132 19
40 149 14
42 69 17
109 120 6
131 78 11
102 110 10
35 52 20
147 176 9
75 8 2
14 9 12
154 84 13
128 13 11
23 150 16
12 103 2
158 22 1
196 51 7
99 184 1
109 41 8
158 105 7
26 43 18
35 183 20
142 137 10
78 50 6
51 198 5
188 108 5
141 7 18
96 175 19
13 50 11
88 23 14
57 25 2
55 9 17
196 197 11
17 32 1
166 76 16
5 112 20
145 10 8
72 194 14
172 51 10
198 70 2
91 28 10
113 22 19
106 149 14
57 2 5
35 195 14
104 87 14
53 169 13
76 82 9
159 82 2
195 87 14
179 61 13
194 60 12
2 1 13
54 119 1
67 58 1
41 164 5
154 87 12
41 11 14
112 66 6
72 165 7
192 71 8
27 76 2
178 167 15
100 37 6
124 14 15
5 182 12
49 191 18
148 82 4
81 54 5
42 196 10
171 46 12
132 80 4
103 40 15
4 106 15
51 168 15
28 58 2
79 50 4
33 102 15
133 62 16
184 98 15
5 76 12
120 42 18
10 34 16
177 45 10
85 84 13
165 96 1
25 172 6
61 170 6
133 167 6
20 39 14
134 49 6
140 35 20
3 66 19
158 175 3
27 82 11
197 126 12
152 13 6
1 57 11
142 113 16
56 139 3
180 142 1
71 6 18
118 132 10
54 42 4
198 135 12
170 24 2
66 2 13
158 101 1
108 11 17
85 152 11
128 174 18
156 138 3
192 62 8
101 165 15
152 131 7
86 139 10
125 188 13
83 29 14
8 4 14
195 125 10
172 155 14
166 109 8
105 176 5
36 25 14
198 146 12
99 40 11
92 3 7
134 150 9
173 125 18
70 115 10
34 37 11
114 197 12
2 4 20
102 160 16
131 177 16
199 174 15
64 8 15
18 45 15
47 148 18
72 156 4
76 71 3
52 18 15
68 10 3
76 6 9
19 52 19
191 92 15
22 149 14
17 155 14
140 18 1
193 103 20
1 67 8
161 5 7
109 97 15
16 50 20
41 149 14
7 187 18
182 18 7
177 33 12
170 168 4
138 2 6
154 117 10
84 143 15
150 158 11
85 123 20
30 122 18
80 31 14
134 110 5
148 52 2
143 0 7
4 198 17
77 35 8
150 127 5
142 23 20
181 102 18
59 132 1
46 143 1
73 18 16
5 1 3
32 83 1
48 165 14
80 129 14
160 30 15
138 0 17
59 135 17
140 165 12
153 39 4
127 66 16
36 123 20
7 57 11
155 156 13
119 121 6
145 187 2
191 145 20
199 187 5
142 8 19
19 27 11
34 38 11
193 63 17
68 47 2
108 27 1
186 177 6
136 97 5
51 166 9
131 23 8
6 134 9
132 139 17
162 1 17
126 132 11
164 24 13
182 82 8
135 119 11
88 141 16
72 181 18
134 159 17
80 182 18
108 41 11
155 178 19
98 12 3
113 64 5
129 52 2
5 154 17
56 124 5
25 158 6
84 113 16
13 99 11
1 53 2
198 63 14
114 0 10
144 174 5
35 2 1
40 175 16
10 45 6
176 184 17
62 80 4
68 133 12
62 159 11
97 94 4
149 90 16
180 23 20
63 109 1
77 148 3
21 48 4
41 113 7
47 126 4
159 188 12
180 117 6
110 79 18
9 75 4
137 160 6
181 93 10
31 16 16
79 199 10
109 104 19
196 58 19
75 91 18
34 197 4
138 57 18
186 153 17
61 39 17
6 7 7
117 124 16
174 155 2
29 82 17
100 19 1
129 65 1
31 119 9
72 49 12
196 36 12
93 132 19
113 8 15
197 29 10
111 152 9
164 47 18
198 0 5
169 163 8
55 162 19
31 43 3
4 44 4
86 56 19
112 149 9
198 149 12
164 82 14
28 177 6
70 149 2
135 90 11
144 151 12
174 163 20
17 71 5
175 176 14
187 123 17
48 76 7
67 44 1
68 66 14
138 98 19
91 122 3
101 42 2
165 51 7
110 137 16
61 148 13
10 180 5
122 65 12
133 192 10
89 133 2
148 158 2
174 1 14
94 65 17
133 155 4
52 152 13
109 2 7
166 56 6
41 120 20
20 174 16
127 91 2
25 26 17
10 194 12
196 39 20
31 49 16
165 35 17
83 158 13
86 18 13
9 41 7
67 175 8
66 63 2
50 163 3
11 195 18
86 134 8
68 34 1
33 83 13
43 184 11
11 48 18
156 28 7
17 189 13
123 61 10
124 23 18
126 173 15
38 175 1
77 118 13
188 54 10
51 31 17
190 101 2
150 17 2
79 98 10
195 185 10
161 36 14
130 90 2
42 193 5
25 64 10
155 136 18
191 75 5
174 29 18
9 71 19
189 184 6
135 72 15
38 141 8
158 80 13
164 158 9
179 29 14
152 167 18
128 33 20
51 58 10
67 85 1
174 37 12
16 153 2
57 24 14
49 83 14
165 128 6
167 188 13
16 123 1
0 160 1
173 4 6
56 134 19
65 96 2
21 182 9
95 50 5
67 72 15
80 47 17
135 193 11
119 20 13
63 196 6
18 128 1
55 188 11
42 173 10
147 169 12
5 44 14
168 103 20
121 23 8
35 137 2
160 161 14
97 171 2
123 3 20
55 147 1
75 105 13
119 34 1
46 131 5
96 152 6
67 75 14
1 159 20
105 173 17
143 189 4
98 190 11
11 73 20
145 83 20
161 61 3
153 52 15
129 182 2
145 111 18
46 24 5
160 135 7
127 72 8
2 30 5
128 188 10
182 155 13
107 109 6
137 118 10
50 126 5
180 160 9
148 157 6
96 17 2
105 140 4
102 54 17
167 131 8
169 187 13
53 35 3
135 165 8
162 61 10
112 101 17
146 13 10
169 76 12
37 167 16
15 139 4
15 66 13
185 110 10
43 145 16
28 12 11
55 76 1
80 174 13
42 138 6
71 13 10
115 92 4
129 95 14
181 179 19
70 190 14
5 153 13
79 121 19
9 104 5
115 123 19
68 41 9
54 132 14
190 93 5
10 8 13
33 18 13
161 56 1
21 156 8
22 54 2
99 100 17
103 164 4
165 155 14
119 153 17
110 135 9
54 74 18
120 11 15
182 27 17
101 40 8
152 12 11
80 161 5
142 86 5
187 160 6
116 113 19
120 38 16
114 122 4
135 36 10
115 57 16
75 22 13
69 168 9
184 100 7
108 66 6
189 90 16
155 25 18
69 147 14
3 147 10
52 14 11
22 65 10
162 105 9
173 184 11
134 32 16
39 162 7
133 8 16
31 47 2
133 142 20
121 92 2
67 132 11
75 184 7
115 172 2
104 193 15
173 171 16
198 136 11
102 187 2
157 119 15
79 72 14
148 142 20
123 37 9
61 87 13
185 181 6
66 28 20
42 59 5
39 81 18
64 18 12
197 11 1
89 74 17
166 175 5
20 16 17
34 49 8
181 56 16
146 166 4
56 162 10
80 142 10
42 92 16
73 159 3
190 170 1
30 127 16
128 120 12
100 28 5
66 7 10
62 109 8
171 7 16
93 183 12
54 124 7
174 71 4
41 87 3
5 196 6
17 35 19
122 164 12
149 159 12
169 18 12
50 93 18
101 153 18
29 109 20
115 105 1
12 89 10
78 2 2
159 14 15
90 132 9
83 25 2
123 139 4
147 115 3
6 107 14
14 48 1
176 78 2
64 179 6
19 164 4
152 104 11
52 82 17
101 77 7
150 180 16
30 75 1
26 88 7
85 26 13
196 135 20
65 114 19
33 113 12
14 111 10
44 197 17
82 8 7
105 2 9
154 52 4
14 67 13
164 116 5
79 28 8
53 112 18
68 141 18
31 154 15
164 42 9
191 187 6
64 176 8
136 41 6
186 106 9
177 34 2
83 167 6
0 103 14
78 49 18
135 2 9
44 155 8
27 83 18
75 23 7
129 55 2
166 192 11
87 191 2
76 38 1
91 168 2
158 186 15
59 26 9
128 103 5
119 59 15
170 77 7
192 174 5
26 33 13
100 109 17
134 177 4
166 130 8
92 12 9
33 120 19
7 63 3
119 40 11
11 165 13
73 129 19
156 162 17
110 105 2
2 100 9
34 48 10
59 158 10
121 198 8
174 158 17
71 142 11
60 57 8
45 76 6
76 126 8
122 12 3
82 81 7
5 102 3
122 35 14
109 37 1
81 135 3
86 199 2
141 53 17
174 146 16
90 82 10
69 184 9
33 97 7
85 70 6
57 6 13
193 185 3
176 178 7
126 32 12
46 85 17
181 67 18
137 7 14
67 125 14
51 90 8
20 59 15
52 32 14
146 23 18
81 108 10
120 73 19
197 119 20
135 176 1
160 16 20
23 100 11
92 197 3
151 32 2
190 12 9
138 101 19
95 159 11
68 42 15
131 125 10
40 83 6
194 109 20
170 172 9
55 178 2
147 22 14
11 101 5
106 32 5
121 160 2
32 78 3
36 107 13
144 35 2
24 98 7
175 104 1
96 140 8
45 102 12
24 36 18
110 70 19
189 11 3
148 9 2
19 72 10
145 198 12
168 17 1
107 129 20
75 152 15
113 24 7
147 107 9
131 97 13
144 176 10
21 87 4
52 30 6
143 28 13
31 66 12
68 197 6
60 62 20
137 183 4
172 194 13
140 168 8
44 65 11
111 88 7
162 22 19
162 120 1
163 147 19
91 39 1
8 49 12
196 66 13
75 34 6
31 193 3
99 136 12
190 15 2
189 182 4
156 150 20
19 124 20
183 163 5
101 22 19
65 109 19
52 64 20
1 169 13
76 19 11
96 155 9
151 124 15
31 92 5
103 85 4
58 128 1
47 32 19
159 160 6
78 147 18
48 70 1
197 70 3
196 85 10
47 109 12
134 28 11
111 97 3
30 62 7
1 181 17
134 88 5
73 139 16
169 11 10
121 63 8
161 86 5
21 191 6
22 87 4
186 46 14
47 141 14
95 101 16
91 120 2
27 91 8
23 172 10
163 22 5
165 65 17
30 135 9
74 126 16
156 20 20
158 45 5
76 107 8
86 147 9
100 171 2
151 83 5
62 156 20
4 86 6
50 190 6
34 82 7
136 138 8
117 199 15
21 70 13
86 70 12
168 74 14
55 124 14
105 84 8
145 48 3
51 120 13
198 105 18
55 151 3
123 106 7
71 34 3
126 18 9
87 192 6
197 89 1
189 119 7
63 106 12
37 101 2
149 63 8
159 98 11
133 189 19
164 156 13
177 141 8
188 163 16
23 190 6
88 112 6
144 142 13
190 86 5
15 178 13
186 10 2
162 71 12
186 69 7
154 189 12
33 92 11
87 39 5
130 98 3
18 68 13
181 49 13
141 144 18
109 30 2
26 27 3
176 192 2
104 81 19
70 167 10
175 32 8
120 48 17
85 131 8
72 111 7
101 120 12
197 28 20
23 74 6
191 88 7
172 81 6
196 73 16
166 93 10
146 112 18
174 151 9
169 68 8
141 174 5
196 31 4
25 146 18
148 139 14
117 41 10
89 138 17
15 121 6
183 9 12
139 141 19
165 26 5
66 155 9
122 189 9
167 89 4
141 168 4
185 8 16
139 18 5
72 76 15
34 60 10
178 56 17
181 55 6
111 17 20
132 47 7
121 75 13
130 176 12
117 190 3
115 79 5
118 9 9
18 174 9
119 87 1
65 156 5
115 30 8
93 169 12
53 86 8
62 136 14
26 174 13
35 126 4
66 141 15
9 140 5
192 143 12
118 62 8
76 33 11
146 131 2
42 5 20
73 80 8
162 129 20
6 18 8
33 173 4
149 133 1
196 174 6
119 68 20
27 66 12
189 190 16
150 199 2
15 164 10
100 155 16
100 162 5
11 20 6
86 132 18
138 105 3
184 21 20
179 45 18
129 128 14
96 120 7
146 124 6
51 83 4
150 18 12
160 133 10
33 40 13
30 43 12
123 161 5
8 165 12
184 134 6
168 108 4
159 17 7
138 195 12
3 119 8
131 171 4
145 81 14
124 179 12
62 177 16
50 103 6
139 193 14
20 33 20
52 62 11
180 22 4
136 95 1
87 132 4
30 49 7
102 82 13
180 145 17
190 65 16
72 60 14
168 123 4
84 198 3
196 134 14
167 165 6
92 37 7
136 36 12
185 122 12
80 82 7
177 194 12
17 41 3
90 46 17
99 68 16
75 141 12
8 159 3
109 70 15
193 171 1
180 131 2
81 19 9
18 36 2
195 9 14
196 162 3
150 76 13
0 126 4
2 26 5
144 1 19
175 154 17
107 179 11
152 91 18
87 43 11
40 95 7
188 35 11
35 151 20
83 103 8
97 156 18
180 94 6
82 55 4
65 60 13
110 45 6
35 190 15
155 48 11
194 169 7
100 17 5
55 35 8
63 95 16
72 166 18
98 29 6
151 192 18
144 7 17
195 71 3
176 12 14
21 158 1
85 73 6
1 167 4
104 86 4
86 111 17
133 113 1
48 77 9
90 117 19
51 167 5
98 178 13
27 69 6
171 23 19
1 96 13
186 136 19
128 111 13
62 16 20
95 168 3
194 40 10
132 125 13
109 0 19
40 94 6
120 139 11
43 29 15
17 44 20
150 181 17
154 86 3
72 78 4
92 57 9
44 96 8
155 195 17
50 181 18
6 21 4
116 133 6
126 24 3
17 59 15
28 172 12
11 174 2
79 138 4
80 93 3
40 182 18
62 17 3
113 36 6
167 77 13
71 171 9
62 97 11
141 140 16
193 108 9
191 74 4
187 40 6
51 117 4
140 0 5
138 4 11
173 123 1
67 94 18
39 21 16
31 84 4
14 173 9
48 150 6
39 98 8
156 53 11
118 109 14
117 135 3
110 197 7
117 146 5
91 104 16
166 128 5
122 51 6
7 176 14
94 107 9
31 116 8
106 159 6
44 43 20
112 83 12
5 80 20
30 48 1
147 88 12
16 171 4
145 19 2
31 20 4
105 194 14
62 162 5
118 119 1
97 19 11
44 143 11
75 178 3
84 79 10
174 106 8
199 175 14
132 178 15
132 22 14
125 9 6
32 20 11
58 168 13
136 83 20
32 48 12
148 44 16
52 176 7
98 64 1
18 16 19
96 8 14
186 112 12
130 69 5
20 91 4
10 133 7
175 55 19
14 178 1
146 136 12
187 97 1
105 195 5
162 113 12
16 34 20
33 109 18
55 91 11
161 42 9
60 54 5
107 45 17
97 70 20
37 87 2
107 34 20
38 182 8
39 123 2
56 179 13
14 76 8
90 62 17
198 44 1
171 75 12
176 99 16
91 81 7
65 199 16
122 9 5
23 6 11
37 60 8
165 19 20
0 111 8
161 37 3
53 96 15
70 91 6
37 152 6
65 73 1
0 167 16
77 97 8
181 151 8
194 8 11
23 66 2
56 165 5
71 151 6
199 51 12
176 84 2
186 87 1
186 171 18
69 79 3
156 63 18
57 136 1
20 128 13
66 75 20
51 22 14
7 195 20
42 56 16
74 73 12
61 79 19
122 159 4
42 99 17
166 101 1
110 86 12
84 26 3
98 23 5
158 114 6
120 176 4
41 103 3
52 98 2
31 61 19
73 78 12
170 62 15
126 171 12
36 90 18
36 142 17
197 192 4
107 155 3
18 131 16
128 119 8
127 106 6
99 174 12
157 56 11
179 188 13
106 173 13
2 14 13
174 172 6
25 21 8
38 192 16
174 45 9
96 147 20
121 65 2
49 24 2
26 176 17
31 143 15
171 8 7
129 193 6
154 101 14
64 132 5
199 176 2
123 29 14
26 102 15
113 146 7
73 104 18
50 0 20
6 176 11
176 196 4
150 5 1
16 10 6
190 126 1
15 106 4
93 14 5
64 3 17
39 63 13
111 131 3
4 190 16
84 99 4
73 142 11
191 108 20
57 186 14
80 185 11
116 123 6
30 111 8
139 165 15
101 171 3
125 121 20
118 10 9
191 196 4
118 107 9
192 31 15
181 90 6
143 42 17
87 31 15
139 32 5
87 198 12
80 119 16
145 165 16
37 162 16
89 101 10
150 67 16
0 98 9
178 141 9
169 42 18
69 197 6
11 89 7
133 193 4
55 87 1
175 20 20
142 77 16
76 18 17
136 8 9
60 161 17
181 96 18
44 53 8
44 111 17
140 66 14
139 110 17
43 41 19
66 120 5
4 3 9
73 96 3
64 194 14
161 118 5
70 41 5
43 92 7
101 94 14
187 47 14
77 83 19
104 99 13
32 162 17
96 151 19
134 99 1
51 53 1
127 83 12
185 71 17
130 30 7
101 136 12
170 89 7
46 172 3
133 174 11
111 16 14
9 135 8
96 97 19
27 74 6
158 140 20
128 80 8
49 10 20
77 27 13
190 52 20
118 143 19
183 125 4
107 141 6
144 74 10
51 5 15
190 78 7
154 58 14
36 47 11
14 29 5
160 45 16
165 153 16
31 27 15
136 58 13
33 141 19
92 143 2
148 5 19
139 161 16
14 165 11
124 37 17
34 18 4
7 180 6
64 45 19
137 164 11
55 18 2
72 188 20
190 198 18
173 80 11
54 172 18
5 98 4
181 80 3
172 32 8
103 96 5
78 79 8
9 46 2
12 186 5
98 48 13
33 59 11
137 123 8
80 188 12
12 104 10
6 161 10
123 34 5
66 52 3
194 93 1
199 85 8
92 91 9
61 85 10
92 124 9
194 148 10
95 55 18
27 96 19
181 52 15
90 95 18
189 95 11
63 79 12
87 125 18
124 58 14
2 42 13
6 101 13
167 135 4
32 8 1
137 90 19
40 45 17
26 70 1
131 154 5
38 22 20
34 85 8
98 128 17
51 121 1
19 82 8
181 138 13
126 147 10
66 186 6
120 40 14
177 173 4
130 80 12
49 153 5
116 106 16
43 153 20
182 56 15
101 108 7
193 37 20
190 64 19
135 127 3
154 76 12
189 62 7
111 92 14
108 100 18
76 129 5
67 33 5
123 77 1
46 167 15
143 146 11
145 134 12
183 188 4
164 59 12
18 41 9
191 168 10
117 116 19
37 182 5
125 89 16
81 30 10
32 23 8
35 182 1
20 120 19
97 81 10
42 1 17
110 44 16
166 90 17
155 199 11
125 62 12
52 127 3
62 165 16
25 6 5
54 41 1
73 61 7
52 116 20
51 127 15
113 152 8
11 127 12
25 195 2
30 110 4
134 22 4
70 145 7
196 91 15
137 198 9
18 47 18
150 56 5
175 159 9
87 131 7
159 163 20
78 87 10
33 56 6
118 83 6
86 169 20
153 166 9
171 81 3
148 178 16
34 88 5
30 108 2
150 74 15
55 4 1
140 123 10
23 151 2
166 155 5
106 100 11
197 94 15
130 160 16
193 50 8
94 78 10
178 164 5
140 63 7
145 196 19
30 29 15
193 62 9
105 169 17
51 126 4
70 191 2
110 171 19
108 127 1
195 110 1
79 88 3
85 122 7
189 109 6
28 121 17
112 176 14
1 70 12
38 148 3
140 190 2
25 124 15
165 188 1
37 40 18
155 88 11
174 169 13
48 162 19
16 159 5
31 6 1
165 106 13
132 50 1
58 99 1
90 73 4
37 20 5
69 45 7
165 5 4
10 13 13
93 71 4
62 104 3
42 157 9
101 142 6
72 75 3
196 132 16
50 82 16
48 54 15
120 28 15
114 18 4
48 83 13
102 164 2
43 137 15
40 116 1
144 73 10
61 128 11
151 56 13
49 26 11
56 127 13
124 162 19
25 29 5
8 144 14
52 106 19
136 88 10
97 92 16
65 29 17
116 64 9
52 188 3
0 105 18
158 3 1
105 104 10
83 94 5
143 135 2
94 12 16
133 98 19
27 1 16
58 43 9
147 4 18
139 104 15
196 180 9
65 30 12
195 165 6
163 118 11
51 162 4
148 89 1
52 57 10
59 185 11
65 66 3
33 178 17
28 157 20
191 3 19
9 187 12
177 148 15
116 129 3
118 196 8
133 145 3
8 100 1
98 88 4
36 17 13
1 140 13
38 59 17
80 85 7
23 119 7
123 183 8
97 188 10
13 130 6
80 106 13
83 19 15
37 102 13
25 50 16
150 182 16
62 122 14
148 4 10
56 52 10
142 70 19
48 113 12
197 21 13
14 145 1
75 102 11
187 105 12
186 92 2
30 19 2
89 45 4
194 147 1
9 139 17
198 112 11
157 13 9
94 188 14
54 121 5
35 149 16
41 95 9
75 19 19
59 78 3
179 58 18
188 197 14
82 42 4
198 37 2
51 102 12
68 139 17
194 179 2
127 182 12
170 143 19
33 145 19
38 102 10
152 16 2
62 95 20
132 174 9
22 27 9
151 88 8
90 133 6
188 75 3
151 28 13
83 85 1
126 192 6
199 185 14
104 142 20
178 41 9
18 146 3
149 19 7
11 85 11
100 186 9
135 184 7
62 154 16
29 5 17
25 114 17
74 4 8
64 115 9
65 48 11
92 9 16
120 8 10
158 124 11
129 61 4
88 177 19
185 111 2
54 34 8
179 42 3
167 45 6
24 71 17
62 40 19
92 144 16
136 137 4
118 112 18
126 133 18
58 37 17
153 38 14
131 81 7
180 74 18
158 9 20
64 95 1
188 115 20
127 109 5
167 129 13
184 114 5
6 56 8
93 29 8
151 103 17
186 45 16
137 0 19
23 26 7
77 5 11
181 152 18
97 42 19
42 188 19
48 148 6
135 187 7
76 165 16
136 114 12
100 165 14
79 3 17
109 96 13
26 92 8
28 39 16
31 120 17
59 63 14
199 118 2
73 128 5
98 171 8
150 98 10
179 71 6
139 196 18
176 103 15
102 142 15
46 62 16
167 57 8
20 187 13
60 137 16
68 136 13
44 75 20
3 15 2
144 164 10
66 17 14
153 27 7
40 79 9
81 59 9
145 153 5
162 116 6
96 85 16
31 108 17
0 40 15
23 97 16
123 124 16
55 115 2
70 77 17
128 116 4
22 105 9
147 87 10
129 115 16
78 39 16
169 160 8
36 42 11
86 60 18
121 156 5
183 23 18
25 174 8
13 80 7
29 76 1
1 40 6
185 149 11
50 23 9
126 149 9
20 3 10
7 174 14
21 131 5
35 116 8
191 153 6
132 13 6
62 106 6
43 156 1
92 189 3
32 28 15
22 46 19
154 128 1
165 39 7
92 94 8
26 68 14
197 63 16
144 44 6
48 181 1
168 105 16
126 8 6
18 1 17
71 21 2
48 9 7
183 39 11
137 10 12
167 110 19
113 26 5
151 42 7
157 186 14
128 17 9
156 182 8
105 56 19
137 19 16
128 25 16
119 66 7
120 0 4
32 69 4
132 140 2
167 12 11
193 124 12
81 63 18
199 126 20
45 114 7
78 134 8
20 21 10
7 112 16
93 134 11
7 13 9
181 77 10
40 138 15
147 175 5
196 72 1
3 60 7
137 67 2
17 152 16
194 74 11
177 77 7
168 48 14
65 87 14
133 32 16
31 91 11
13 118 15
7 157 14
106 47 19
63 0 2
14 105 15
10 115 9
161 140 19
31 170 20
36 174 16
26 66 16
108 180 5
68 33 1
107 145 1
38 66 17
161 52 2
69 137 1
145 106 5
66 189 4
175 160 16
199 110 16
128 159 11
195 43 8
23 191 19
194 171 20
8 181 15
82 25 10
153 32 11
106 117 11
153 144 18
42 24 17
186 190 14
182 141 18
68 129 13
86 48 8
5 100 17
127 123 3
147 8 3
180 77 11
35 158 5
111 75 15
41 49 14
19 148 6
155 87 5
11 56 6
29 6 12
145 148 15
13 0 3
1 104 14
22 122 5
135 69 17
189 137 5
74 95 10
86 61 9
137 91 5
104 102 4
0 97 5
109 175 12
40 143 19
114 79 11
167 25 19
38 155 5
177 145 10
56 85 16
26 96 5
68 154 15
169 33 9
187 58 9
100 192 12
92 114 4
32 156 9
21 99 20
182 63 2
12 123 4
187 153 3
27 102 9
124 36 18
195 122 5
104 57 17
20 89 11
87 98 2
192 82 20
44 105 13
170 131 19
87 140 19
34 78 15
166 96 4
121 138 8
110 193 15
30 66 9
171 159 17
164 66 13
165 136 9
84 166 9
146 27 12
45 169 2
194 104 8
92 21 15
69 152 4
24 184 15
193 77 11
172 160 8
188 46 11
130 0 1
43 166 15
172 35 3
149 87 9
40 17 18
97 130 13
70 122 19
77 76 7
40 53 5
16 42 13
179 122 15
135 19 1
34 132 2
195 67 18
38 82 19
0 117 7
179 111 14
77 34 15
29 59 6
89 72 3
47 119 16
191 2 12
13 121 2
7 41 6
71 40 3
67 123 10
91 16 15
187 100 3
186 175 6
184 12 10
87 101 13
167 102 12
120 158 8
176 127 19
140 127 11
70 159 17
10 74 15
3 155 18
77 187 17
84 82 3
103 51 16
195 157 8
187 69 9
82 165 18
72 44 1
46 105 2
33 90 11
169 104 8
44 73 13
18 24 15
108 47 4
191 14 12
110 33 14
174 28 20
155 175 18
145 123 6
181 167 6
32 191 6
84 14 10
0 83 17
120 182 2
79 112 7
54 170 20
103 138 14
98 137 6
180 124 4
161 11 3
160 87 9
168 93 12
148 7 15
6 84 12
5 37 12
48 60 2
171 93 10
113 63 10
35 5 3
154 63 4
148 153 5
59 133 9
46 180 8
91 53 5
67 159 7
137 117 18
103 43 10
81 11 20
83 70 8
113 145 8
191 139 20
2 165 10
85 114 18
115 78 1
167 177 7
139 17 8
197 30 17
114 17 8
114 37 6
78 182 5
88 168 13
185 28 2
31 175 3
101 135 8
95 197 11
170 46 1
143 117 11
16 169 2
34 151 3
150 120 16
192 171 2
117 91 8
84 145 4
27 186 12
176 27 3
92 25 3
99 132 9
104 8 3
89 182 14
123 79 7
43 51 12
186 38 13
115 100 17
157 188 9
76 53 15
40 184 17
199 72 16
30 116 3
123 158 5
68 194 18
45 163 1
52 91 1
53 117 18
5 144 7
83 195 18
34 183 2
197 40 17
192 110 9
52 85 12
50 67 6
134 63 7
185 29 8
12 136 3
101 17 9
164 129 4
113 17 4
181 162 13
104 94 9
161 95 8
155 151 1
97 52 1
87 166 17
74 170 19
23 110 11
25 72 1
71 102 11
106 25 18
29 132 1
159 4 7
127 47 13
90 141 17
145 8 18
87 91 1
164 182 20
145 44 14
0 185 4
124 21 3
9 33 5
135 195 4
90 40 11
163 162 20
23 174 18
182 157 12
37 179 11
90 63 8
171 17 10
145 4 14
81 40 9
62 152 20
68 72 8
185 70 19
69 133 2
61 63 12
89 65 9
3 0 6
33 167 7
149 83 5
198 78 2
154 48 18
31 147 17
8 35 10
184 121 16
6 195 10
166 163 9
24 75 9
20 163 13
121 24 18
85 18 4
80 155 15
100 150 10
128 87 7
177 107 20
152 160 20
115 174 7
86 171 16
17 188 7
64 191 8
75 181 8
61 64 15
44 122 6
147 172 11
113 115 6
133 57 10
123 70 8
17 198 6
24 77 15
194 37 20
4 85 3
180 62 17
70 152 16
21 108 19
112 70 9
120 189 15
87 177 11
101 75 11
40 97 19
121 133 20
9 49 7
169 85 17
27 123 6
163 161 15
0 55 17
43 60 12
66 0 15
59 90 5
145 124 7
140 94 5
182 106 2
32 16 20
136 2 20
186 173 11
91 172 7
120 62 6
3 51 3
38 0 19
145 93 7
90 17 12
6 147 4
185 84 12
113 69 9
168 0 12
5 172 9
129 188 15
128 197 13
88 71 16
69 57 14
143 51 8
123 107 9
186 121 8
166 13 17
62 35 1
168 52 10
186 144 5
58 121 16
99 60 13
156 105 4
84 170 7
72 122 11
166 161 14
58 47 1
178 117 9
120 4 15
174 137 20
124 73 6
94 85 4
121 27 13
0 47 10
88 108 10
16 97 15
8 18 13
118 151 14
106 86 3
31 157 16
38 94 12
64 128 15
183 194 1
181 157 10
8 118 6
191 11 3
182 19 19
71 156 1
66 72 2
146 78 2
23 15 5
135 108 7
191 47 6
8 112 12
22 121 12
36 8 18
190 161 5
87 194 17
49 148 17
196 48 19
128 5 2
154 46 16
83 169 1
4 62 2
66 86 12
18 103 20
111 74 10
29 64 17
56 41 1
123 9 3
107 164 9
147 144 2
177 79 13
129 159 20
124 170 17
59 176 19
108 151 19
72 69 15
1 187 19
145 45 11
83 117 3
111 194 8
153 96 5
18 51 15
186 0 2
49 149 11
135 85 16
99 9 15
5 127 8
41 132 6
177 82 5
112 121 9
21 193 7
41 156 4
46 104 18
111 164 13
152 194 11
173 196 7
46 40 15
95 144 7
197 84 11
182 146 14
114 39 20
58 103 12
25 4 1
95 34 14
117 198 15
121 20 15
72 1 8
94 96 15
177 146 4
42 158 8
43 143 2
36 92 10
133 131 12
45 117 14
8 99 18
124 197 5
119 126 5
46 161 13
123 56 18
12 67 14
163 140 8
2 58 17
87 181 13
30 169 17
175 148 17
98 146 10
92 79 1
117 61 20
94 50 12
18 171 13
53 196 17
44 131 19
44 46 9
118 37 2
178 2 7
94 133 8
174 142 18
135 172 1
119 82 18
66 144 16
150 79 12
9 2 14
187 34 4
103 49 20
113 2 20
86 160 2
53 25 17
128 124 13
121 107 18
131 121 16
25 139 2
177 133 2
36 179 9
117 115 13
90 53 10
179 47 8
39 95 2
95 96 20
163 37 18
36 129 19
174 8 7
127 171 17
194 144 16
44 160 13
86 187 14
144 76 18
181 191 12
60 50 16
182 180 19
10 17 20
97 179 20
128 137 5
193 109 13
39 155 12
130 162 17
82 56 5
70 182 18
58 56 5
14 41 11
126 63 14
170 196 6
113 155 10
54 193 14
80 198 19
173 17 16
77 72 11
55 80 15
155 104 16
157 194 20
138 173 3
89 44 4
126 100 13
106 148 2
107 168 11
169 102 3
52 43 2
193 89 9
145 130 11
173 37 18
61 176 12
37 89 18
120 173 16
31 30 12
79 163 5
191 44 20
175 1 14
50 153 17
90 101 3
167 65 10
5 104 11
99 153 13
191 19 18
158 50 7
122 10 3
1 95 2
61 23 2
34 143 12
180 167 19
166 127 2
102 81 9
17 102 20
143 82 4
46 25 8
135 185 12
173 66 10
179 53 19
144 109 19
55 77 6
86 25 19
153 85 11
89 85 9
122 15 16
50 144 19
144 62 11
69 149 4
183 167 1
120 76 9
171 45 1
181 166 17
14 108 20
13 1 12
152 165 18
39 48 8
59 163 19
113 93 9
103 69 11
28 22 8
103 179 6
73 186 18
94 43 11
80 113 2
56 155 8
90 81 13
148 137 9
7 110 6
1 15 19
173 183 9
106 167 2
154 99 15
176 173 5
198 13 9
44 0 4
53 69 11
93 36 19
41 169 13
185 14 13
87 120 16
177 81 1
196 38 16
108 12 16
100 50 15
127 102 6
16 107 2
12 121 9
141 135 3
139 122 16
124 153 12
29 142 13
159 121 3
91 4 7
139 44 9
86 50 1
99 127 5
70 178 18
46 13 14
15 52 10
122 156 20
4 84 5
108 177 11
43 115 1
76 73 7
96 131 15
32 100 19
180 140 20
115 90 15
105 101 2
43 56 19
64 117 15
60 39 16
62 107 7
133 86 14
85 156 13
190 102 1
60 171 8
156 146 16
190 33 7
120 167 12
137 64 6
11 157 1
53 61 6
170 111 9
24 142 9
172 154 3
39 113 1
56 64 16
40 34 12
173 100 16
4 71 18
11 30 7
137 45 5
183 37 9
56 21 11
162 161 19
193 85 14
175 108 14
125 82 4
199 11 13
85 154 13
73 105 13
0 135 9
162 165 5
119 109 6
33 192 2
136 76 20
145 3 10
175 30 15
49 64 8
156 149 13
137 54 1
6 131 3
55 63 3
150 137 17
76 78 3
45 29 5
37 158 12
59 37 8
174 194 7
50 171 13
4 42 8
34 140 15
181 121 13
83 44 17
94 31 2
69 145 9
15 48 10
93 188 6
92 73 1
15 111 19
101 4 9
121 73 15
12 120 16
85 55 19
53 102 12
122 77 5
45 124 10
139 95 2
190 38 19
115 166 12
50 68 20
10 71 8
52 115 13
141 9 10
52 165 3
189 69 7
79 20 4
68 31 20
63 173 16
62 70 9
3 90 11
27 164 12
61 14 6
122 133 11
182 142 17
58 126 14
22 83 16
192 51 10
125 36 3
132 0 19
168 86 4
20 87 2
1 189 14
182 147 19
67 23 10
74 66 14
158 1 6
69 4 20
148 92 5
170 101 14
38 4 3
78 156 7
136 122 9
102 121 14
180 60 9
93 110 14
65 150 15
70 10 12
13 137 5
170 189 7
1 26 20
136 47 17
148 185 16
76 67 15
194 82 15
82 137 10
193 121 7
17 170 5
84 60 18
165 198 5
129 110 8
182 126 4
162 110 13
112 14 8
138 107 4
27 177 13
129 181 1
175 143 17
34 51 2
41 93 14
40 150 18
68 179 17
19 6 4
110 149 13
18 119 15
136 13 19
104 82 3
122 149 15
76 112 11
109 48 17
161 132 12
77 39 11
91 129 8
51 37 19
18 29 5
26 12 19
134 80 6
147 67 10
108 96 1
44 182 5
182 23 3
75 63 18
151 123 12
154 152 3
175 105 8
3 121 19
51 195 19
158 121 4
38 80 5
22 44 10
107 44 2
101 34 15
50 150 16
61 24 7
124 90 20
172 149 5
31 19 14
60 170 1
148 100 18
59 114 6
170 106 13
53 39 11
172 100 7
119 25 4
147 199 11
33 158 19
45 191 10
47 66 19
38 60 18
72 168 8
53 119 11
41 107 14
113 166 9
51 131 10
99 117 19
75 85 3
65 24 2
192 85 11
66 125 15
124 70 6
163 112 9
89 96 13
149 79 5
185 174 13
189 19 10
154 1 11
139 13 10
97 121 6
169 191 3
164 185 8
167 76 19
18 80 13
143 27 18
145 15 11
26 108 11
180 41 12
191 118 17
100 42 11
91 44 3
150 188 16
78 5 5
167 195 2
134 45 12
50 61 17
198 181 3
118 92 20
42 29 9
166 80 10
142 124 15
168 160 13
183 96 10
120 58 1
169 164 2
29 60 14
181 180 3
47 182 3
86 54 15
128 62 15
169 148 13
94 36 13
95 21 15
22 10 19
51 118 3
149 50 1
29 57 18
85 92 13
26 198 5
183 147 16
38 57 14
141 117 9
131 185 19
91 185 16
79 142 6
65 78 19
198 113 20
125 41 10
22 26 13
100 110 7
23 140 3
88 90 4
149 98 10
6 164 17
193 3 14
79 170 3
87 156 8
4 57 7
54 76 8
98 162 13
137 11 15
120 37 15
84 175 11
90 185 10
66 184 13
33 30 2
76 168 14
133 164 19
22 174 18
38 149 7
142 129 4
171 49 8
57 93 8
61 51 6
198 19 4
169 167 20
119 198 2
155 171 18
55 73 14
136 158 14
65 46 15
10 61 10
138 23 14
69 39 3
29 186 19
61 89 1
137 122 18
69 38 20
54 23 19
132 91 5
20 81 18
79 51 4
142 161 7
109 105 16
22 4 7
168 3 18
57 41 19
35 33 10
141 31 14
84 127 20
183 67 19
39 6 14
61 92 7
28 129 19
125 6 7
5 97 9
37 181 1
43 8 17
96 9 4
25 84 10
45 105 6
119 107 10
42 91 14
35 88 11
4 82 4
182 135 9
66 171 12
53 130 18
123 23 18
121 21 13
196 69 5
118 197 18
84 108 12
165 86 1
193 160 19
100 195 19
164 142 7
108 159 15
190 51 6
69 155 20
119 146 15
172 61 7
128 70 15
109 13 17
184 39 18
57 110 14
58 18 11
142 152 6
39 179 9
181 196 8
58 164 7
111 77 11
97 46 19
173 199 5
40 109 19
24 144 11
11 83 10
64 104 12
149 118 3
190 85 16
93 28 17
13 171 3
6 163 5
86 7 7
61 49 11
197 59 17
18 199 16
129 148 10
140 121 12
61 36 8
33 63 17
53 149 19
185 143 12
111 183 14
11 122 20
101 185 12
31 22 1
149 117 12
168 198 13
5 33 9
97 133 6
59 72 12
0 69 7
80 39 12
68 124 13
86 122 9
6 159 2
121 50 18
32 9 17
18 192 9
70 31 2
1 151 17
161 103 17
144 51 20
146 159 20
39 47 13
178 194 11
64 156 14
94 10 20
117 159 2
129 112 3
15 59 11
132 19 12
109 38 12
97 37 20
24 32 13
176 179 20
95 186 14
82 86 2
33 77 2
54 93 2
148 191 4
108 7 6
120 63 18
47 57 16
114 153 5
6 132 13
61 60 7
67 104 2
38 53 6
62 176 9
135 22 18
103 148 20
70 129 5
1 155 18
139 121 20
188 90 13
165 55 16
3 153 1
73 122 6
52 182 6
2 69 8
157 191 4
133 181 6
87 106 2
37 66 12
187 111 18
156 81 9
173 129 1
96 63 13
169 196 4
23 0 8
58 68 14
171 1 12
52 156 7
178 162 15
57 81 11
186 20 5
183 118 16
139 114 10
182 99 1
23 198 7
161 38 20
144 43 2
81 134 1
93 53 16
175 150 5
142 13 5
56 50 8
141 121 19
186 42 16
163 180 18
155 11 17
126 46 14
70 87 14
65 16 12
33 193 19
156 179 1
159 84 13
84 73 2
162 142 10
100 51 2
74 39 15
189 166 17
49 18 7
5 28 11
170 120 20
86 197 12
175 34 16
180 48 12
70 73 13
188 16 19
61 77 10
92 126 6
135 32 18
189 60 7
14 188 19
2 163 13
65 64 10
193 168 20
53 73 19
30 10 13
136 121 19
91 195 16
191 162 20
186 54 8
147 168 9
2 56 2
106 48 16
142 53 6
104 108 4
120 117 9
46 130 13
129 11 20
101 182 2
95 107 11
78 188 12
15 81 9
124 17 4
9 168 7
78 36 3
146 91 3
198 127 2
61 38 8
36 67 18
94 144 14
99 26 7
161 92 3
95 7 15
17 147 3
128 173 3
72 47 2
80 189 7
127 32 10
24 102 3
62 77 7
96 194 3
151 149 8
84 33 10
105 145 10
199 182 18
36 16 4
40 44 13
192 137 5
60 22 17
13 19 8
17 167 5
20 28 5
99 50 5
140 172 5
116 175 12
109 197 1
5 142 10
63 13 17
91 29 7
69 143 19
96 114 17
39 122 14
17 45 5
99 122 10
13 34 7
189 111 4
105 10 14
145 181 13
163 192 3
86 78 15
114 163 11
188 172 13
102 117 9
127 184 17
4 117 16
138 171 3
27 7 11
84 190 17
95 170 1
18 183 18
96 19 15
49 169 15
184 130 5
107 15 8
127 146 15
22 29 4
6 15 12
136 189 5
40 172 13
89 15 16
31 178 6
39 52 17
34 43 7
46 64 4
165 32 12
137 173 8
197 42 13
165 164 7
74 41 6
197 176 3
29 177 11
151 186 10
175 81 3
137 197 13
114 14 19
53 166 9
79 139 9
2 21 12
184 49 7
165 154 4
168 68 14
121 101 6
157 158 3
46 96 3
14 73 16
19 90 11
147 2 11
73 160 10
119 194 4
142 20 9
166 198 19
105 159 5
92 70 3
121 128 7
121 78 7
45 63 15
131 168 20
118 19 1
112 63 18
196 155 12
46 189 3
81 126 5
127 36 18
144 2 17
58 72 8
115 185 16
42 176 14
157 80 5
76 35 17
136 185 16
145 59 12
140 44 20
156 37 5
46 72 17
51 70 7
30 123 20
113 100 4
184 185 1
16 164 19
157 150 15
183 189 14
149 17 1
95 14 16
116 157 16
191 51 4
22 177 8
165 59 14
85 108 20
41 102 6
3 61 7
187 103 19
70 98 3
134 64 3
9 56 19
136 98 1
143 198 20
59 150 6
164 2 20
81 73 15
58 3 6
17 179 10
65 145 2
21 174 18
175 164 18
36 21 19
150 179 8
170 195 8
10 168 5
21 31 3
16 194 16
129 172 11
126 156 3
173 149 19
4 19 16
104 153 3
30 193 4
160 8 10
143 75 15
197 107 3
29 178 1
192 96 18
98 42 18
36 5 1
151 86 11
29 78 8
173 160 20
190 61 9
51 14 1
150 183 10
106 183 4
109 191 17
114 55 4
138 53 19
192 198 13
18 77 9
50 105 20
32 2 1
56 78 2
142 43 19
1 132 10
78 197 6
179 164 7
26 103 8
104 100 8
27 23 6
92 100 7
95 128 16
22 137 16
79 188 1
174 123 1
49 101 14
4 133 16
52 144 10
36 99 16
83 186 11
171 77 5
11 97 18
32 171 14
113 179 10
57 70 19
162 115 1
88 159 5
187 108 9
40 38 14
156 76 14
144 77 11
147 93 11
164 63 10
127 63 1
188 100 4
150 132 5
5 152 13
58 108 12
159 36 12
142 95 4
42 119 13
100 3 19
22 166 1
24 193 16
78 4 6
130 99 11
126 73 15
161 76 13
35 167 12
77 126 18
175 87 11
197 173 17
15 53 2
178 97 18
170 187 9
178 9 17
181 127 16
81 28 1
15 71 4
162 183 14
66 197 18
56 13 12
4 166 11
187 137 12
87 168 5
25 152 19
185 9 11
197 82 10
85 124 1
75 92 19
39 12 12
67 171 18
101 102 6
26 67 11
64 159 8
147 170 7
35 123 4
117 50 16
11 112 19
169 159 2
76 177 17
44 164 20
33 127 2
136 85 4
129 104 2
13 156 18
142 116 12
128 141 6
175 110 5
97 110 15
44 168 20
27 54 6
50 136 12
153 37 6
145 159 16
2 96 5
183 187 1
178 7 11
75 163 19
192 94 14
93 125 13
36 145 12
108 0 20
107 165 9
129 27 13
110 150 4
32 141 14
20 131 14
36 140 14
46 10 5
71 51 9
12 10 4
15 126 20
116 196 6
176 131 5
192 61 18
19 55 19
156 2 9
44 6 13
94 129 19
163 27 16
10 18 11
186 145 18
31 153 13
45 185 7
50 109 19
75 95 4
199 78 18
9 109 17
142 105 10
28 113 8
56 59 17
42 191 17
123 86 16
113 35 13
135 100 7
34 44 13
111 173 10
74 119 5
196 148 2
70 94 11
15 42 17
177 196 12
169 119 7
130 26 10
129 134 6
117 94 5
142 57 14
185 46 19
142 7 9
91 25 1
134 189 17
62 27 12
78 52 2
96 15 10
34 64 16
85 167 15
68 153 10
0 123 11
77 31 13
28 133 15
101 157 2
24 154 11
174 53 16
159 125 13
42 159 12
4 48 16
86 140 15
141 52 9
35 19 7
97 192 2
151 24 5
53 84 16
198 130 8
24 95 2
87 75 20
65 147 10
115 88 7
142 6 15
136 127 16
73 24 14
3 106 3
99 74 5
152 49 20
44 36 8
108 74 4
176 90 1
147 11 17
72 10 10
166 36 5
129 3 3
