1
1
3
3
4
4
4
4
5
6
6
7
8
9
10
11
11
11
14
14
15
15
15
16
17
21
22
23
25
26
27
27
30
35
37
38
39
39
41
41
41
42
42
43
44
45
46
47
48
49
49
51
52
52
56
59
59
61
61
63
63
64
66
69
69
69
70
70
71
73
74
75
76
77
78
78
79
82
82
82
82
82
84
85
88
88
88
89
90
92
92
97
98
99
99
99
100
101
101
102
103
104
105
106
106
106
107
107
110
111
112
112
112
114
115
116
116
116
117
118
121
121
122
122
123
123
124
124
124
125
126
126
126
127
129
129
129
130
131
132
133
133
133
134
134
134
137
138
138
138
138
139
139
141
142
143
143
144
144
144
144
144
145
145
149
149
150
151
152
152
153
154
155
157
157
158
159
160
162
162
162
163
164
164
165
165
166
170
171
172
174
175
176
179
180
182
184
185
185
187
187
189
189
189
189
189
189
191
195
195
196
196
197
199
201
202
202
204
204
204
206
207
209
209
210
211
212
215
217
217
217
218
219
221
221
221
223
223
225
226
227
228
228
228
229
231
235
235
236
238
239
240
240
242
245
245
246
250
251
251
251
252
253
253
254
255
256
256
257
259
261
261
261
263
264
265
267
267
267
269
270
270
270
271
272
272
273
274
277
278
278
280
281
282
284
285
287
287
288
288
290
292
292
295
297
297
298
299
299
300
300
300
301
301
303
305
308
308
308
309
310
310
311
311
312
313
314
315
317
320
321
321
325
325
328
328
328
328
330
331
331
331
335
336
337
338
338
339
341
341
344
344
344
344
345
349
352
352
353
355
356
357
358
359
362
362
363
364
364
366
366
368
368
370
371
371
373
375
375
375
379
380
381
382
383
384
384
385
387
388
388
389
389
389
390
391
394
394
394
396
397
397
397
398
399
399
399
400
401
401
402
403
404
405
406
407
407
407
408
409
410
412
413
414
415
416
416
416
417
417
418
418
419
420
420
422
424
427
427
428
429
431
433
433
435
436
439
439
441
441
442
444
445
446
449
451
451
451
452
452
452
455
455
456
459
460
461
461
463
463
464
466
468
468
468
471
471
473
474
474
475
475
475
477
477
477
479
479
480
481
481
483
485
486
489
490
491
493
494
497
500
501
503
504
504
505
507
507
509
509
512
515
517
517
518
519
520
521
522
525
525
526
526
526
527
529
529
529
531
532
533
535
536
538
539
540
540
541
543
544
544
545
546
546
547
549
551
552
552
553
554
555
556
556
557
558
559
559
560
561
561
563
565
567
567
568
568
569
570
575
576
576
576
579
579
579
581
581
582
583
584
585
585
586
587
589
590
591
591
592
592
593
595
596
596
597
598
600
601
603
604
604
605
608
609
610
611
611
613
613
614
615
615
615
616
617
618
620
621
621
621
622
623
623
624
624
625
627
628
633
633
635
635
636
637
638
638
639
640
640
641
642
642
642
642
643
643
644
645
645
645
646
647
648
649
649
650
651
651
652
652
653
653
654
656
657
657
657
657
660
664
667
667
668
668
669
671
672
673
673
674
675
675
675
676
677
678
680
680
680
684
684
686
686
687
688
689
689
690
691
691
693
693
694
694
694
695
696
699
699
700
701
702
703
705
705
706
707
708
708
708
709
710
710
710
711
714
714
717
718
718
719
719
719
720
721
722
722
723
723
724
724
725
725
726
727
728
730
730
730
731
732
733
734
735
735
737
739
740
743
744
745
745
745
746
746
746
749
749
749
750
751
752
752
754
755
755
756
757
758
759
761
761
763
763
763
764
764
765
765
766
766
767
768
770
771
772
775
776
776
777
778
778
780
782
784
785
786
788
788
789
792
792
792
793
794
794
795
796
796
797
799
799
800
800
801
801
803
804
809
809
809
809
812
813
813
814
814
816
817
817
818
819
822
822
823
824
826
827
828
830
831
831
832
834
835
835
835
836
837
837
838
839
840
840
841
841
842
842
845
845
847
847
848
848
848
849
852
853
853
854
854
854
854
855
856
856
857
858
862
862
863
867
869
870
872
872
873
873
876
876
878
878
879
880
880
881
882
883
884
884
885
885
886
888
888
889
892
893
894
894
895
896
898
898
899
899
901
905
908
910
910
910
914
914
916
916
918
918
918
918
919
921
921
924
925
925
930
933
934
935
936
936
937
938
941
941
942
942
945
946
952
952
955
958
959
959
960
961
964
964
966
971
972
974
974
974
974
974
976
977
977
978
978
979
979
981
981
981
983
984
985
988
989
990
991
994
996
996
999
