1000
331
344
328
298
433
133
441
313
261
189
585
163
85
471
225
896
763
117
615
353
883
977
546
984
389
288
693
63
475
845
483
158
189
812
809
622
945
250
287
558
439
873
721
876
344
299
124
459
416
740
813
651
717
359
635
107
648
680
522
475
525
6
633
714
818
794
688
115
44
976
673
835
849
746
711
545
45
836
4
813
576
817
464
645
529
451
104
529
132
627
4
657
985
989
724
803
784
412
270
180
388
295
368
589
41
431
134
439
267
139
604
195
308
69
841
189
872
297
718
356
924
74
366
261
416
90
416
552
854
686
732
595
981
452
536
375
884
671
814
151
162
418
699
822
839
892
364
64
189
82
420
466
509
138
727
925
228
144
477
435
830
561
382
164
14
918
539
898
941
705
401
455
475
452
278
315
344
642
731
886
76
503
352
585
642
79
862
870
223
339
657
406
253
39
570
267
958
461
517
251
166
270
707
641
723
337
308
419
331
39
305
407
543
657
345
185
89
207
407
312
899
417
718
152
456
640
771
766
101
288
370
267
910
77
261
633
414
569
405
745
609
710
504
504
720
201
41
809
761
800
473
660
217
544
164
26
184
935
792
638
575
162
257
485
591
518
471
5
88
228
102
49
938
959
905
10
160
946
171
921
746
645
933
964
189
97
990
725
384
134
363
311
649
621
797
240
491
620
598
579
848
52
628
138
11
885
501
172
831
672
445
930
317
379
894
858
828
236
936
565
722
651
876
371
624
25
964
116
645
914
695
845
966
676
336
330
561
837
854
745
509
299
675
179
30
921
389
211
157
325
776
879
977
652
603
601
678
567
69
675
481
765
521
799
793
857
129
706
694
335
451
555
635
126
734
17
47
124
228
556
801
4
788
130
9
391
84
687
310
153
362
143
918
235
942
63
92
424
770
138
759
221
46
746
700
780
116
99
256
344
656
410
701
444
540
710
187
624
397
497
778
111
640
48
699
934
112
143
710
882
282
822
455
328
568
155
460
684
255
69
381
263
479
82
59
371
792
246
996
541
743
126
4
735
174
703
669
638
847
380
872
481
202
328
809
122
835
621
159
442
42
540
705
873
974
764
245
118
362
593
11
105
719
15
840
245
719
862
884
918
242
756
399
796
436
560
270
272
533
429
714
576
321
772
449
647
888
694
765
251
639
776
708
358
144
901
604
863
763
840
133
357
596
532
505
385
92
775
657
625
557
723
553
878
847
3
526
88
49
643
691
689
420
399
399
916
652
355
131
767
195
264
124
144
796
981
529
240
757
538
217
314
613
123
544
461
126
70
549
527
66
592
568
486
991
320
754
996
675
885
763
223
149
888
719
297
221
600
889
978
490
106
644
103
581
189
916
59
611
817
587
677
409
507
515
401
827
269
397
855
154
512
78
303
400
149
952
974
749
841
952
239
300
597
694
881
138
611
941
749
428
880
427
838
387
942
591
567
212
988
422
366
500
852
22
253
1
974
579
750
816
531
341
116
480
35
349
618
646
290
368
75
170
795
265
910
737
856
477
301
196
899
668
696
751
690
301
752
16
880
854
832
764
547
300
596
582
650
215
581
292
583
8
463
730
273
725
819
129
202
121
325
101
789
373
204
831
27
308
199
259
162
384
375
709
684
972
643
686
187
576
979
122
584
794
204
209
519
23
338
73
144
15
526
285
389
730
468
768
38
668
27
552
52
403
613
88
375
256
127
914
185
106
388
121
252
592
331
123
615
21
196
112
37
722
749
778
804
218
546
842
238
925
394
642
680
7
82
407
615
209
673
152
667
61
274
919
653
605
42
621
978
590
733
15
664
834
145
468
404
43
310
994
321
56
636
1
415
71
761
383
280
786
535
300
848
809
219
853
766
614
474
745
556
559
112
221
394
610
689
150
653
352
145
974
408
133
328
176
204
441
559
837
227
446
137
427
608
708
281
726
674
755
823
231
667
936
452
413
898
141
563
551
493
708
878
254
842
206
782
398
999
693
235
226
139
724
654
99
433
287
826
107
394
649
338
61
937
142
474
835
284
390
739
129
98
617
735
292
175
517
691
526
210
278
752
702
3
758
801
788
397
979
895
792
981
586
853
918
728
680
106
364
70
197
494
520
814
229
165
341
99
856
867
309
134
971
11
489
82
165
277
479
144
525
271
125
463
477
396
191
157
854
908
579
51
402
451
217
983
616
910
82
824
777
744
311
100
755
800
182
272
78
14
417
955
637
894
418
114
642
961
623
848
869
554
251
623
6
468
959
974
730
41
799
507
785
110
960
893
