300
3000
202 29
179 235
236 279
122 50
256 44
14 46
259 165
209 197
135 204
125 69
182 198
206 247
255 128
228 19
285 131
33 272
248 180
143 0
100 2
245 45
70 193
18 271
189 47
262 96
84 100
132 91
126 273
82 98
56 14
3 274
165 109
78 228
39 188
138 221
252 32
218 166
273 193
40 263
268 220
84 231
199 200
132 6
137 147
245 24
35 106
251 117
66 64
194 224
104 189
65 295
221 10
40 286
227 224
215 57
273 262
79 18
133 154
115 217
56 181
209 70
69 132
163 99
133 246
156 275
138 141
275 3
4 234
241 294
289 29
239 216
148 94
157 252
220 146
294 15
78 86
39 116
48 52
39 148
9 129
206 191
255 138
23 27
61 116
16 168
270 189
228 85
42 247
195 217
224 293
88 299
10 274
287 239
193 31
147 161
161 191
102 292
53 272
270 178
232 33
224 197
39 165
232 28
133 197
184 97
224 201
204 0
254 26
132 189
299 54
246 129
212 94
289 290
93 115
86 102
5 31
63 226
136 173
94 251
201 76
24 7
295 258
2 199
188 33
256 274
192 9
294 211
229 279
53 295
209 128
285 38
54 74
58 278
184 141
81 191
20 172
87 254
179 180
8 175
167 270
169 223
212 150
144 252
222 253
219 158
255 32
239 74
108 125
181 193
105 11
176 77
82 131
281 12
112 216
2 265
19 172
124 118
146 17
230 181
47 224
228 7
77 228
3 292
180 121
85 155
168 46
267 9
99 252
70 215
224 52
79 12
182 253
7 93
68 271
40 31
61 107
287 235
142 186
41 39
182 101
41 204
66 247
276 182
286 1
125 56
164 48
260 40
281 228
167 31
213 271
202 264
275 97
189 195
72 81
193 131
33 46
277 265
190 266
136 295
99 15
50 150
173 44
236 284
243 209
292 213
297 238
194 71
165 186
11 124
299 216
163 207
250 262
254 16
157 38
237 30
57 19
244 205
198 277
269 95
209 35
246 43
230 59
85 128
131 67
210 271
29 231
177 267
157 73
94 165
153 73
249 240
3 51
85 66
56 191
152 98
190 114
295 75
227 285
125 213
280 271
74 208
93 154
277 165
173 28
127 146
137 238
202 99
278 136
167 15
15 287
86 119
256 190
265 295
61 236
239 78
259 55
230 174
215 292
235 159
141 143
170 110
259 102
59 237
273 31
32 210
68 252
61 84
39 275
271 211
75 249
39 123
23 51
293 213
23 243
87 16
213 163
7 49
99 279
258 262
209 137
166 242
281 264
35 160
284 210
1 254
215 211
19 269
78 117
235 26
226 118
296 23
138 137
131 49
80 12
160 113
166 163
242 264
79 83
15 106
257 297
298 137
231 72
53 117
65 288
24 171
294 213
110 68
21 96
154 25
33 171
203 291
79 154
27 153
148 37
280 288
13 162
118 68
255 197
70 187
175 239
253 110
221 139
252 77
105 99
274 171
39 179
160 266
46 295
299 206
146 214
49 13
163 128
35 242
25 255
278 222
95 45
198 42
100 64
45 46
90 87
139 160
202 201
276 285
252 179
150 7
148 137
277 291
186 182
108 234
238 76
245 185
166 125
34 118
104 174
212 58
231 279
180 110
82 286
112 271
95 251
18 59
236 27
65 221
71 128
116 158
11 157
106 182
252 149
180 176
172 291
106 81
71 17
259 127
100 291
216 139
28 100
294 184
59 292
16 145
92 247
253 150
58 115
269 101
68 216
226 216
189 81
185 91
158 135
6 196
284 175
168 57
124 242
69 160
77 10
147 140
177 170
190 131
172 2
185 219
67 241
5 112
187 134
149 214
8 31
1 153
280 46
298 226
151 106
220 272
284 259
2 260
279 265
2 61
230 1
106 295
156 159
28 3
95 133
112 173
82 167
248 48
8 272
97 117
36 256
193 164
87 65
133 296
253 216
183 241
91 162
87 146
137 210
117 150
44 139
79 189
152 223
2 136
134 267
181 84
240 270
139 294
42 254
130 203
6 152
71 244
35 194
235 293
175 281
114 192
215 298
279 73
295 36
126 51
90 193
1 39
219 144
32 9
52 164
297 83
5 97
8 277
79 221
273 100
206 147
282 35
80 141
199 296
20 123
266 130
233 116
43 128
119 176
53 55
231 35
283 209
143 133
71 231
234 239
218 227
212 7
290 116
253 274
184 49
144 268
26 78
186 234
149 43
78 157
83 42
60 113
270 37
20 290
211 194
135 45
285 200
225 141
189 9
87 264
228 117
244 93
117 19
195 31
271 152
66 138
81 172
198 109
69 170
259 34
9 166
3 243
104 20
229 262
12 265
234 1
191 163
187 213
141 211
176 192
210 127
16 51
142 111
7 222
167 211
211 188
285 247
114 4
64 30
123 210
283 35
31 259
185 145
69 292
237 89
3 255
263 107
189 61
284 37
129 58
133 184
252 20
228 49
259 228
222 216
59 1
26 87
233 198
71 57
93 75
203 98
258 208
232 45
188 96
245 42
128 126
294 178
180 281
169 175
144 192
104 50
107 37
92 44
147 34
75 130
279 76
178 119
70 120
137 217
141 115
159 157
137 163
212 17
279 179
274 277
104 279
218 234
116 188
127 108
96 66
133 108
223 131
194 228
160 122
282 76
242 32
48 232
57 166
192 22
146 299
260 13
132 201
197 84
167 126
293 65
270 90
113 56
167 95
251 121
90 11
160 6
116 40
54 94
35 291
241 137
106 128
238 134
216 50
299 259
199 66
74 96
257 16
63 111
77 96
187 209
263 100
288 259
83 261
205 50
18 163
196 39
9 239
75 178
156 242
289 120
57 243
186 103
278 207
155 96
29 251
291 92
89 248
167 169
238 212
77 7
146 206
217 65
10 150
284 221
127 128
273 18
135 170
176 83
23 242
26 164
76 268
267 168
140 44
35 257
157 193
236 245
102 138
231 172
104 287
67 87
11 234
141 277
133 202
90 232
238 146
260 109
110 124
151 226
100 281
87 17
54 203
32 117
21 37
36 289
6 158
266 107
15 295
144 270
254 37
197 156
9 210
223 105
22 108
31 175
28 63
129 233
64 111
25 263
197 253
169 261
268 48
224 81
208 168
56 29
136 26
134 282
281 164
227 113
151 25
130 279
49 217
126 18
129 92
206 57
197 269
139 101
21 59
240 187
267 20
89 261
110 158
158 19
278 176
276 228
260 152
8 130
185 268
263 116
282 222
233 257
156 173
194 263
85 260
31 95
49 255
255 269
191 173
114 275
189 181
36 25
227 184
185 142
4 147
82 135
20 29
146 182
51 198
51 246
226 238
202 295
117 96
53 80
226 223
280 96
54 125
40 34
236 219
212 79
101 147
103 249
107 141
70 100
220 295
155 83
258 294
292 53
175 295
234 261
94 155
101 112
28 1
27 24
257 55
236 287
128 5
75 204
251 140
191 225
109 178
290 135
18 84
242 174
232 65
132 156
166 277
141 75
278 191
20 14
258 118
75 289
159 289
231 202
259 176
191 37
126 174
65 70
149 172
91 96
50 165
73 108
204 194
269 189
200 102
282 178
120 255
77 49
196 156
249 6
36 160
24 37
29 238
136 255
188 6
226 96
91 171
47 213
37 244
251 239
215 191
150 8
13 143
279 210
237 123
265 29
231 61
20 207
75 196
61 39
122 1
168 126
82 31
190 31
86 155
217 140
267 95
162 270
177 295
245 201
44 211
126 170
76 0
102 110
298 271
175 27
201 172
9 271
129 218
243 158
267 138
135 124
296 237
137 87
55 94
144 145
231 205
131 250
288 113
248 83
201 33
230 123
272 284
51 189
173 126
104 268
241 136
193 174
76 249
258 221
99 284
276 35
172 36
35 215
191 50
200 172
24 77
181 44
134 191
47 180
275 104
70 224
214 4
45 252
149 153
50 261
104 182
160 258
173 85
125 287
293 214
79 20
89 288
187 46
41 178
296 146
2 7
56 110
1 297
50 29
289 144
183 131
70 201
120 225
16 259
282 89
233 221
170 22
30 137
67 5
190 274
123 53
105 232
235 82
109 271
48 8
28 112
115 105
95 145
159 257
297 215
39 64
72 77
93 219
150 188
38 126
230 161
89 182
102 146
56 28
279 295
24 55
77 104
252 143
294 232
207 124
157 284
144 94
75 33
265 249
168 82
0 149
183 128
203 275
108 205
252 14
253 35
277 220
250 206
18 261
56 175
152 60
299 263
46 277
65 103
116 56
3 196
99 68
213 169
5 27
85 93
5 241
41 150
83 263
103 288
143 83
100 104
273 217
205 291
31 65
48 292
225 67
104 36
236 197
48 281
213 2
254 43
76 135
182 113
184 168
221 69
200 63
9 255
252 110
295 245
10 37
62 247
150 47
139 66
73 8
193 44
298 190
214 197
170 224
226 105
299 167
187 160
19 135
3 178
37 30
115 117
22 247
281 196
219 48
1 248
95 205
170 54
151 11
180 74
123 153
180 119
82 214
144 208
211 127
241 295
223 68
45 139
185 165
47 283
151 172
55 71
76 48
31 154
95 15
97 14
213 210
204 208
70 166
51 79
87 111
97 169
65 81
274 155
133 46
208 178
210 47
122 212
176 8
145 180
244 219
71 4
253 268
226 193
102 288
88 75
289 131
76 97
11 214
270 235
223 233
90 178
267 154
122 281
76 164
177 133
204 227
159 94
73 275
231 223
217 101
212 209
181 61
37 103
59 223
22 164
6 235
187 275
234 277
143 76
283 100
75 1
213 272
126 159
79 42
174 4
160 218
84 252
96 227
214 98
279 85
41 80
75 176
244 143
36 192
135 284
169 37
114 248
96 90
272 216
221 105
246 257
143 236
209 29
218 13
64 76
289 48
165 5
75 166
16 274
167 212
14 121
224 142
80 99
219 162
38 188
165 231
61 19
5 30
244 126
257 171
239 86
50 86
260 19
264 286
112 190
18 230
237 43
53 231
91 192
49 120
96 73
16 11
127 164
83 201
135 43
121 192
114 168
213 196
200 145
119 281
70 136
135 206
282 79
12 50
43 167
45 236
101 296
261 241
250 169
3 158
66 9
158 178
76 89
210 17
48 263
119 17
231 239
166 199
139 161
12 182
248 98
23 88
205 182
29 107
102 27
162 139
120 115
185 92
255 91
299 70
111 146
177 38
246 278
40 57
14 199
194 266
22 167
139 298
177 93
103 205
173 36
257 237
44 115
113 226
172 119
285 199
102 14
216 65
16 229
44 48
32 70
5 296
291 258
7 21
189 66
179 292
26 71
66 289
106 276
187 23
212 243
156 142
225 85
91 97
98 251
180 264
254 153
135 154
237 28
114 161
281 236
278 283
145 298
154 139
294 181
109 120
261 131
253 141
27 257
209 206
299 123
106 92
23 172
185 24
52 159
102 171
37 1
122 137
194 102
265 232
85 297
86 61
206 112
186 221
160 80
130 153
120 274
253 90
183 18
245 21
294 167
0 178
204 248
88 27
190 25
9 4
137 226
130 268
218 124
135 123
56 298
213 137
83 283
93 123
127 297
47 56
184 46
199 50
114 47
216 238
25 208
258 268
182 134
82 83
68 75
21 230
2 238
182 25
82 196
257 127
198 244
105 163
229 48
146 278
130 278
161 28
55 213
87 276
38 207
205 233
42 30
164 210
261 47
154 74
146 39
190 230
111 253
254 286
202 18
221 118
159 118
135 283
225 101
274 136
144 254
268 156
34 86
262 167
263 165
288 59
141 48
265 233
225 222
41 244
44 176
228 257
42 250
251 39
264 260
173 224
244 31
198 144
272 248
276 129
264 117
80 295
62 260
238 68
163 131
183 151
225 41
244 264
171 290
42 27
114 167
14 280
183 10
235 61
106 220
205 45
190 267
86 215
57 92
226 4
25 106
102 2
283 176
157 128
111 170
127 131
298 103
5 176
138 3
116 272
171 151
238 152
20 82
247 140
124 281
108 258
203 238
292 135
181 52
222 284
98 187
13 54
178 176
146 174
32 18
121 188
141 161
154 285
19 34
248 39
106 294
169 38
186 258
142 225
118 243
42 139
261 235
12 135
283 208
104 22
131 284
191 292
173 93
245 191
69 246
57 89
158 133
287 183
115 285
103 158
0 94
204 123
76 271
150 271
274 193
29 3
5 160
297 231
30 196
56 60
8 139
115 253
270 40
68 115
126 294
46 251
57 212
117 279
160 38
199 120
242 140
191 249
135 229
169 139
200 153
199 1
134 154
249 159
209 131
148 236
289 39
158 249
77 27
227 175
283 19
103 8
25 219
216 280
241 11
212 61
125 256
219 168
176 156
51 216
287 253
178 31
179 42
50 168
105 130
21 155
93 166
184 196
219 192
241 128
100 54
30 142
253 209
152 277
275 108
122 51
25 195
101 119
39 250
131 233
95 48
280 292
145 239
90 186
265 9
44 128
64 108
125 9
39 112
69 78
48 205
267 265
270 263
234 8
85 292
49 80
156 70
236 104
191 227
265 54
239 111
94 133
253 48
61 149
110 159
218 42
236 23
184 28
273 115
136 207
97 293
116 28
234 135
91 53
154 263
167 215
244 246
85 270
141 10
15 233
111 211
158 223
180 118
118 178
80 188
186 155
40 227
10 206
45 290
16 159
48 84
270 265
69 155
164 161
97 96
120 118
208 243
255 97
146 29
177 106
191 30
59 189
266 278
115 23
83 224
276 195
192 93
205 32
205 18
7 122
136 280
216 131
7 110
159 224
182 271
290 139
170 155
83 126
2 28
172 250
134 232
11 98
279 269
144 297
4 13
143 64
35 0
40 70
276 268
112 152
219 294
107 101
47 6
267 164
266 231
216 143
165 292
185 82
60 105
6 286
160 53
205 154
178 256
62 36
77 222
275 174
299 277
297 203
182 289
128 36
40 222
82 177
299 47
289 270
23 268
101 245
200 79
215 117
128 92
13 150
23 84
160 242
99 110
144 185
238 190
16 246
222 42
229 285
44 279
184 66
210 272
24 31
101 208
8 162
48 100
5 265
86 127
44 76
25 103
100 181
161 210
16 20
141 296
211 195
269 70
80 8
102 63
49 149
9 58
226 164
107 206
288 60
9 96
36 30
165 275
33 69
159 124
15 228
152 272
121 278
118 35
9 57
130 166
213 206
7 105
94 4
251 221
54 238
272 57
218 123
240 106
269 26
182 188
236 134
193 10
249 83
191 296
286 130
207 8
22 269
122 239
212 172
50 117
167 274
150 108
187 154
215 21
4 250
204 131
182 240
199 135
112 96
261 23
104 25
216 189
59 24
110 267
96 115
9 126
14 143
87 242
253 226
231 1
169 245
169 58
9 279
121 276
30 251
206 2
183 59
8 274
241 77
230 102
292 212
47 139
240 125
180 204
90 210
193 211
193 252
279 274
127 123
15 44
242 265
215 139
151 155
142 194
232 85
33 10
19 50
85 293
31 4
69 296
79 7
175 100
93 38
239 129
48 32
219 290
165 123
298 182
62 202
63 120
230 154
213 23
111 283
43 25
283 203
86 141
238 10
81 294
51 29
46 55
233 264
147 179
109 5
3 269
1 34
53 183
196 113
21 57
275 185
74 203
276 41
231 174
286 200
154 259
64 107
209 59
27 290
274 65
102 120
95 202
39 110
290 95
261 11
0 104
131 58
145 83
103 283
88 160
249 233
193 156
47 33
231 140
261 284
14 34
14 186
1 162
53 110
177 73
248 214
102 60
251 48
34 49
3 181
215 19
88 153
254 148
272 19
259 183
99 106
247 114
276 64
143 223
171 101
276 192
240 95
89 286
119 256
97 158
267 181
49 259
183 14
158 101
204 225
106 206
137 285
155 5
224 236
33 294
279 244
97 125
76 114
2 223
222 71
174 184
103 264
232 262
74 265
233 253
70 231
126 26
31 19
279 161
137 207
203 1
122 237
255 168
116 49
52 50
80 15
291 210
201 156
281 37
88 256
252 265
104 157
164 218
64 196
168 175
284 9
117 108
192 35
131 266
160 22
110 137
197 165
257 293
4 73
240 278
125 34
233 172
68 3
43 139
246 264
193 18
186 222
162 18
52 149
93 227
171 264
24 296
87 2
263 285
204 238
145 96
138 122
30 0
296 77
183 206
183 202
92 27
66 62
95 233
19 237
120 24
206 109
140 15
202 110
62 23
9 159
191 217
265 209
117 267
179 46
144 168
234 62
262 49
156 151
162 280
0 185
17 274
98 30
101 27
220 285
40 144
234 57
291 178
100 73
169 93
33 38
70 223
299 80
185 194
236 237
175 18
113 159
214 205
37 97
37 295
106 212
73 59
226 116
118 24
234 76
111 85
96 278
267 193
276 36
128 286
191 72
13 173
202 31
268 211
285 18
221 240
216 47
111 289
50 231
299 35
192 76
24 233
79 279
167 10
49 63
168 94
159 255
74 141
160 169
68 186
142 105
220 108
223 298
147 171
261 76
36 166
287 145
118 171
109 239
15 23
206 171
6 191
218 216
266 4
112 277
207 13
121 176
192 253
281 246
100 111
24 125
124 89
160 161
292 93
68 170
288 56
18 16
274 208
43 211
269 289
214 79
143 234
83 88
21 201
217 21
140 133
259 78
230 178
135 171
141 242
227 201
242 201
280 207
96 63
220 86
100 44
150 144
159 46
146 295
251 186
272 290
140 246
226 171
82 73
106 291
284 49
64 124
89 135
54 210
89 192
136 199
159 168
280 124
66 249
81 293
22 109
117 109
35 79
68 30
242 167
107 238
147 215
206 84
39 216
148 232
70 87
162 190
177 1
38 37
60 237
62 29
38 226
248 57
263 31
267 73
6 207
265 136
9 207
106 256
261 124
194 105
180 186
102 131
62 226
215 84
70 221
256 158
19 179
29 81
150 46
77 94
38 292
10 258
219 32
91 169
151 207
41 44
281 39
152 237
258 245
252 196
235 178
238 155
50 172
225 248
278 203
31 132
276 271
4 227
267 277
269 208
67 59
7 106
178 215
278 169
259 210
241 127
198 272
130 195
61 13
281 172
135 281
159 8
175 124
118 21
102 202
162 183
156 74
112 141
64 22
274 82
118 267
239 159
81 40
70 101
209 193
295 3
39 109
82 112
139 136
116 291
107 270
293 205
237 102
124 188
297 57
284 262
174 77
280 169
138 14
230 117
167 81
55 62
216 157
297 199
28 291
110 52
55 226
117 72
123 48
167 133
201 49
247 246
153 136
70 135
40 175
100 60
61 101
202 293
153 179
11 187
266 89
241 109
161 132
183 289
112 133
206 34
298 152
280 129
151 3
100 97
233 250
42 203
202 216
74 241
268 99
34 277
259 77
114 49
141 105
185 260
184 84
57 130
90 79
103 97
299 198
285 181
269 12
201 197
77 129
163 162
169 0
203 177
280 159
196 242
130 295
150 83
100 88
53 14
236 266
295 34
118 135
78 132
174 182
244 227
54 113
232 249
232 260
157 112
120 32
291 3
88 93
202 259
47 215
291 85
131 282
299 26
90 80
273 42
140 199
27 194
257 208
290 285
255 74
96 274
66 207
265 180
87 24
277 43
109 73
136 281
213 90
133 132
236 115
283 67
167 138
58 152
136 56
149 63
77 243
289 262
117 290
232 178
99 286
280 73
268 37
129 295
238 242
232 140
117 13
99 95
184 249
24 276
167 30
88 120
246 251
55 208
237 52
14 16
87 281
227 62
242 200
19 145
114 77
93 64
255 238
87 199
277 133
285 278
50 273
89 233
8 7
241 256
152 69
294 114
33 147
80 100
28 13
184 297
143 241
174 152
53 181
28 57
221 268
99 25
19 263
43 74
149 293
263 230
64 208
110 261
228 32
81 3
135 90
287 63
12 23
261 52
68 2
251 123
63 11
237 180
84 45
209 18
256 32
20 75
126 33
132 139
36 105
84 76
132 129
250 141
265 119
156 3
36 112
208 45
106 202
181 78
165 7
141 136
250 160
44 24
245 297
37 27
133 87
129 231
103 73
236 74
269 129
139 13
35 54
58 177
279 173
10 43
267 282
119 177
10 212
192 198
230 3
146 231
47 296
269 251
173 18
23 164
278 243
129 84
264 245
53 31
81 22
48 152
293 233
67 245
184 108
208 51
263 117
189 4
177 11
106 116
83 133
96 108
225 83
3 189
131 39
20 84
198 134
1 67
28 47
71 25
115 21
265 70
149 267
272 154
217 271
160 270
36 232
257 7
54 222
187 31
192 242
90 112
247 45
132 166
118 10
140 204
183 38
281 255
180 31
74 18
55 103
213 167
164 5
116 99
135 47
128 244
151 257
59 262
112 214
212 276
95 79
137 73
40 195
4 291
298 40
155 251
64 285
249 214
0 145
122 71
119 261
298 127
262 113
31 106
120 12
150 187
23 137
160 296
85 39
61 11
188 172
157 130
113 143
153 15
295 59
129 108
238 116
289 56
214 31
132 220
89 27
24 221
187 79
51 151
252 222
6 130
120 277
141 65
215 235
160 245
29 119
120 35
233 45
108 136
116 27
176 205
210 269
33 194
62 124
118 81
187 132
102 44
162 25
235 160
93 296
272 0
71 247
292 103
131 294
287 170
280 297
279 91
233 168
46 15
177 286
144 280
125 210
156 262
164 156
294 80
262 0
279 23
124 201
182 226
118 298
256 90
131 60
223 265
3 192
42 283
92 235
138 118
276 99
101 3
229 259
210 63
273 48
85 162
278 135
298 148
35 185
260 32
73 265
268 110
166 171
275 12
240 183
80 293
213 15
282 169
45 2
66 210
211 54
87 193
127 173
148 226
259 206
268 265
176 277
233 92
196 155
55 158
226 292
2 182
142 183
250 146
120 54
279 77
11 72
74 128
15 166
210 177
57 211
59 65
159 284
32 51
59 265
233 37
49 169
0 63
287 285
293 194
254 86
42 95
229 39
294 163
140 85
262 234
81 97
115 37
299 18
226 51
64 127
216 22
56 141
268 205
77 265
120 22
184 260
273 35
150 177
188 139
176 143
295 16
139 88
200 213
222 209
134 142
135 130
164 9
263 281
59 77
216 235
197 210
133 131
33 9
214 196
148 225
58 196
190 29
277 288
280 61
146 80
28 264
0 130
253 190
164 269
55 276
85 107
70 20
63 150
170 216
222 218
84 21
253 95
56 218
159 187
246 0
131 52
106 250
187 198
229 238
36 58
83 229
137 171
17 172
17 110
129 116
280 220
238 266
149 238
214 71
101 167
238 3
240 202
200 117
296 231
138 191
39 206
156 12
43 114
221 173
192 120
229 65
50 278
201 61
64 178
193 225
119 4
109 34
280 233
119 272
193 244
30 156
245 222
295 47
224 188
168 80
206 244
228 1
220 262
184 157
153 30
152 293
1 73
12 81
67 202
36 116
162 37
283 267
127 209
161 156
175 90
275 213
31 241
34 102
60 247
6 212
180 92
294 238
89 95
258 220
138 130
6 292
151 82
290 19
131 177
86 135
287 203
78 290
291 33
165 238
137 65
122 221
145 204
149 181
66 147
105 136
47 124
10 54
67 178
102 119
56 224
217 247
53 49
262 261
125 91
105 59
241 144
167 285
297 200
159 251
261 298
39 138
16 269
214 67
125 29
283 281
268 251
96 50
90 294
228 170
64 247
91 214
165 237
22 218
68 77
246 67
7 242
200 293
87 176
296 299
266 296
225 87
88 167
237 151
147 35
298 70
22 212
144 44
145 87
299 295
36 118
156 255
112 269
264 115
101 173
259 20
129 100
289 35
120 181
203 53
138 99
298 231
72 18
163 177
246 214
58 17
249 291
102 124
198 230
57 222
68 46
197 143
11 196
210 239
223 122
162 239
211 60
30 292
129 38
253 32
236 292
162 210
197 274
195 208
150 56
123 102
126 98
35 21
65 255
291 83
22 173
140 6
216 73
208 127
133 27
241 284
170 113
115 266
102 10
281 241
205 220
186 141
210 88
298 207
226 220
155 190
121 167
166 8
1 140
201 38
142 50
86 137
149 137
73 118
224 230
126 225
72 126
134 19
160 224
63 127
51 181
67 181
186 38
201 17
257 191
101 37
206 200
285 141
295 266
172 5
163 290
170 294
70 157
70 98
252 190
245 70
70 76
293 262
154 44
245 172
273 63
77 161
65 254
103 282
141 66
274 223
7 201
142 209
175 208
14 8
275 188
254 123
220 69
29 42
249 165
19 143
85 92
219 24
43 147
121 294
51 197
120 66
94 158
182 217
181 200
198 79
171 190
207 201
247 52
262 72
253 174
64 220
100 66
60 8
91 178
287 10
78 260
215 170
69 172
141 55
81 66
131 61
175 213
285 190
261 61
214 273
2 272
82 156
167 53
61 157
144 205
271 263
163 70
269 229
298 138
190 78
8 83
25 16
271 190
182 243
15 19
135 167
71 141
46 221
115 47
271 167
185 48
5 206
91 85
71 40
25 116
115 216
133 180
255 90
207 158
58 186
96 31
136 85
169 110
234 162
215 268
48 227
101 82
228 264
73 284
240 271
74 264
88 60
32 76
14 122
37 225
166 287
208 253
231 265
218 16
127 62
255 54
209 238
223 197
86 205
10 15
252 80
132 207
266 10
119 270
149 295
291 142
292 281
274 217
0 27
292 84
85 64
167 1
244 55
98 6
25 250
297 142
95 170
228 152
220 50
111 257
212 210
66 6
91 129
213 174
13 170
255 24
226 126
275 27
211 140
107 253
22 42
208 142
64 26
299 51
243 61
184 193
188 170
224 163
46 253
214 163
186 69
20 282
110 150
66 78
119 121
244 256
295 89
98 135
21 176
86 74
66 240
91 56
76 79
172 140
257 51
135 259
104 220
293 123
81 127
53 86
81 212
178 103
240 170
169 88
63 157
183 190
213 182
211 237
12 36
58 139
87 95
94 196
83 209
161 57
102 78
117 175
148 230
256 297
24 155
281 58
167 280
260 149
91 12
126 199
287 299
113 284
40 107
48 264
106 192
213 147
183 83
179 49
153 143
206 38
240 32
83 212
164 45
158 137
221 45
79 5
150 87
78 35
152 261
203 263
4 118
271 185
268 2
34 213
99 123
267 28
223 191
225 190
243 75
10 41
236 30
130 235
271 79
148 176
30 71
37 182
45 199
235 70
127 243
295 66
166 222
210 237
47 145
198 170
281 205
151 161
28 48
65 147
76 150
210 152
170 238
210 126
241 116
245 261
241 217
105 58
108 19
262 93
131 227
149 240
233 209
112 153
202 148
237 258
266 243
119 110
144 19
193 220
229 71
31 236
203 83
177 127
7 191
143 54
293 91
174 71
276 288
285 44
273 246
135 48
270 245
66 28
35 163
228 88
78 37
85 160
87 115
119 283
125 207
123 257
0 96
17 60
20 224
193 136
63 185
99 239
277 177
280 275
110 160
214 183
139 149
105 56
197 293
285 293
90 249
192 81
169 7
121 74
1 137
133 63
122 181
45 125
190 261
271 194
245 282
190 213
203 33
135 251
162 267
189 56
21 82
233 2
51 83
197 170
294 88
268 229
73 35