200
3980
61 150 6
17 16 9
136 86 20
54 192 12
99 93 9
41 8 12
153 69 16
143 69 13
151 181 18
22 40 18
171 23 19
9 13 13
197 64 8
195 54 14
29 46 4
19 131 17
98 4 11
63 60 17
90 199 13
36 63 19
4 28 17
58 50 7
125 161 12
1 31 19
44 117 7
172 0 13
79 40 4
186 10 19
48 110 11
115 94 14
57 4 1
51 39 14
85 168 6
146 42 6
185 163 12
61 124 13
141 148 7
117 6 13
67 131 7
155 49 15
34 133 7
195 152 17
144 128 7
15 92 4
73 133 19
163 147 10
61 98 19
64 79 8
98 24 1
19 169 3
15 104 6
148 133 9
17 53 8
83 32 3
18 1 4
141 25 4
113 136 7
85 91 17
74 104 16
126 1 6
13 20 13
181 78 4
1 122 14
157 65 2
110 165 4
37 31 14
180 177 19
72 97 8
157 194 12
138 9 19
99 79 3
15 14 19
8 95 6
99 136 18
171 78 11
67 146 1
38 30 8
6 113 6
6 74 5
19 68 11
164 87 13
138 37 1
129 122 17
111 122 4
32 95 11
50 138 19
186 71 1
179 100 11
163 98 16
41 19 11
128 9 5
179 73 16
142 185 7
141 178 18
73 77 2
33 14 17
75 124 18
124 102 13
193 129 11
23 159 3
51 161 19
10 130 3
135 53 10
115 60 3
148 77 9
77 36 4
11 8 2
137 32 10
94 172 18
150 88 8
183 89 11
25 147 16
40 191 7
119 36 3
154 103 3
115 129 3
46 159 3
15 152 12
56 12 13
55 78 8
39 60 9
189 15 12
61 10 15
79 57 10
48 113 10
161 159 14
35 151 18
67 199 1
12 179 2
117 175 2
37 139 13
87 43 18
4 156 17
81 119 7
48 131 5
57 188 14
169 131 13
101 71 20
150 164 3
174 69 14
28 70 5
174 75 19
165 62 10
27 151 11
59 82 12
71 13 13
113 71 14
7 151 17
18 193 14
126 24 4
1 65 18
57 95 10
86 172 18
160 103 14
65 35 10
166 152 8
132 24 1
48 122 18
57 107 17
136 197 16
170 45 2
148 181 12
69 8 11
81 99 2
25 9 17
125 129 12
163 18 3
183 132 4
145 17 5
11 132 16
123 199 11
177 169 6
141 180 16
162 66 7
38 5 10
33 119 2
94 84 20
125 80 10
108 127 5
158 139 12
112 72 1
27 145 16
105 185 8
68 189 13
93 199 9
168 139 10
76 176 15
28 163 1
23 58 17
22 73 6
134 192 14
111 101 6
59 171 4
174 74 14
115 117 17
75 140 13
119 115 18
23 45 11
75 65 2
66 49 18
46 172 7
177 166 3
75 160 6
161 35 19
192 127 4
64 52 3
72 105 3
49 101 12
163 76 7
142 108 14
100 192 6
91 184 18
158 55 14
66 117 20
38 59 12
185 83 2
165 4 8
76 183 10
168 1 1
133 159 11
197 161 3
170 41 3
196 166 14
143 60 5
110 54 2
191 165 16
5 183 10
189 51 7
38 146 17
103 106 14
21 67 18
60 102 12
113 52 4
108 141 17
89 50 13
23 20 10
73 65 16
76 46 18
128 52 17
103 31 1
15 87 9
35 7 20
163 137 2
195 173 14
54 50 20
131 84 1
35 73 8
179 25 7
193 189 7
25 148 12
129 6 14
187 48 11
134 67 17
158 33 4
137 86 18
85 154 19
134 166 7
178 152 17
122 194 5
48 120 1
58 165 9
13 67 2
89 74 4
75 41 6
30 171 11
195 70 15
15 57 1
91 57 14
40 124 18
76 172 15
4 53 8
109 81 5
77 39 7
193 191 5
6 37 16
53 51 9
3 23 14
192 44 15
163 112 4
112 152 12
27 7 7
2 47 8
176 20 7
14 81 16
142 148 5
148 131 11
12 102 15
184 63 18
94 136 6
111 9 11
102 7 15
57 144 11
21 189 3
169 187 12
162 103 12
24 185 4
183 192 1
82 96 20
77 90 20
54 36 8
192 75 5
145 45 20
129 141 4
124 5 15
40 18 19
103 166 14
133 106 18
119 108 10
111 77 19
122 144 20
39 156 13
13 184 9
117 17 4
167 57 14
1 89 16
20 84 18
134 148 20
35 0 5
191 72 5
190 4 8
17 28 3
69 196 11
18 137 4
42 83 13
199 49 13
98 76 19
170 75 1
54 101 4
118 38 19
13 88 11
106 99 4
82 178 20
173 156 18
72 99 3
13 50 1
44 52 12
104 32 9
156 92 8
183 77 15
102 186 13
93 116 1
29 198 18
113 10 19
13 187 12
66 26 12
161 103 7
79 59 13
132 63 13
127 154 20
169 99 1
82 80 19
68 89 7
116 123 18
61 129 13
80 127 18
52 61 6
105 45 16
134 5 1
164 138 5
38 100 10
139 40 13
67 59 15
167 177 15
138 152 6
157 36 6
194 162 20
137 184 7
98 130 8
195 11 11
143 165 7
11 37 9
43 159 13
43 63 19
41 153 16
71 28 19
31 42 13
111 176 15
172 68 1
142 77 5
187 151 11
77 129 20
99 90 13
167 140 6
62 28 18
59 0 9
123 14 1
0 105 10
185 68 10
130 186 2
2 46 6
94 24 8
188 131 20
106 188 13
39 95 14
102 182 12
21 135 15
108 176 16
87 13 7
56 145 18
151 147 7
24 50 4
2 18 13
147 68 12
155 191 3
195 158 4
137 187 1
18 96 2
120 135 10
5 116 6
1 160 9
127 16 16
87 115 1
43 139 4
28 30 8
134 57 20
40 16 5
110 116 7
184 47 11
20 192 6
133 82 8
50 144 6
177 58 14
32 195 17
98 0 14
194 105 14
124 169 3
130 95 20
36 136 18
179 163 4
74 49 19
157 177 8
34 118 16
95 87 14
167 121 3
91 8 7
55 112 10
145 143 17
153 19 19
8 113 16
70 108 4
138 117 19
146 176 10
9 80 5
48 101 4
152 45 12
56 80 8
113 187 20
179 170 17
170 172 5
47 46 7
143 128 5
48 171 5
21 47 2
67 123 16
155 1 9
32 75 1
72 122 17
86 187 14
101 166 4
149 186 20
72 76 12
105 32 10
11 114 5
61 180 11
139 75 14
59 30 17
83 66 17
94 177 7
54 5 20
165 98 20
13 112 13
1 70 5
135 114 6
152 108 4
167 137 18
138 12 6
41 78 20
13 70 8
170 142 5
55 171 5
172 4 15
16 175 6
21 66 11
60 149 2
50 87 12
136 49 3
5 182 12
24 13 12
33 47 4
52 182 2
124 2 8
105 7 3
136 118 1
40 177 12
63 146 11
14 73 11
142 90 4
96 189 2
10 188 10
32 90 11
163 10 11
39 63 19
163 78 14
189 173 9
18 158 4
19 35 9
89 77 2
192 47 9
13 96 4
186 48 1
129 10 20
125 106 5
194 27 6
132 13 4
193 42 18
25 178 9
114 78 10
76 27 11
30 44 4
88 22 6
28 194 12
197 129 6
16 23 17
86 192 19
41 36 6
10 199 12
51 1 5
197 183 4
33 97 16
120 170 19
51 175 17
134 102 5
94 139 12
106 45 16
194 85 8
153 79 14
34 56 2
151 178 2
66 53 14
93 66 20
187 185 10
180 57 6
69 121 16
179 94 3
189 63 8
102 36 10
6 16 12
61 164 15
143 130 16
148 113 14
6 41 5
151 30 16
93 124 11
92 162 1
162 45 19
46 49 10
80 96 16
70 179 19
9 44 16
154 66 1
54 102 7
70 153 7
56 20 1
102 66 8
51 199 18
46 151 13
69 47 15
191 15 1
148 96 11
76 169 7
83 70 10
94 54 19
62 105 15
97 150 3
76 131 4
181 46 1
135 190 16
128 6 16
47 163 6
0 11 19
110 184 16
18 161 15
162 125 12
32 12 10
182 178 18
79 73 12
69 104 10
169 186 2
165 21 4
159 61 8
167 119 13
196 131 10
119 1 14
151 175 20
8 36 17
39 68 2
55 88 4
93 68 14
51 102 1
164 53 2
144 145 13
83 109 17
135 62 11
11 168 4
198 113 20
197 166 14
22 154 11
84 122 15
168 98 19
187 103 9
184 186 6
68 177 16
13 86 14
136 83 10
87 109 1
179 188 19
99 103 3
17 99 3
72 108 2
117 55 10
130 88 5
118 146 8
40 188 7
72 54 9
160 108 12
166 4 17
35 122 1
78 126 3
158 150 16
29 126 14
132 97 5
24 150 5
73 36 6
196 113 8
35 46 6
126 81 6
174 189 18
26 198 13
97 46 7
161 190 10
139 103 8
64 182 11
143 95 5
174 84 9
87 17 16
48 192 15
59 86 2
58 85 19
94 113 10
10 69 13
97 3 3
35 105 20
54 175 2
22 110 15
84 85 18
20 187 4
15 65 3
151 20 15
100 79 10
23 10 4
74 80 16
195 153 17
132 62 3
117 46 19
87 85 13
49 73 20
43 162 16
4 79 11
169 58 11
112 51 5
191 118 3
141 152 17
2 30 9
64 185 16
132 10 18
4 126 13
49 32 11
89 63 3
183 95 4
161 100 5
180 64 13
157 107 5
129 50 20
56 72 8
31 193 20
98 34 6
69 36 6
13 58 12
17 44 11
145 4 1
108 122 19
13 26 14
118 185 19
137 82 20
119 158 8
40 55 14
196 32 6
54 3 19
41 80 13
159 85 6
87 150 12
92 114 18
65 10 11
97 68 20
170 3 11
155 108 10
47 106 17
70 38 14
37 135 15
30 77 18
148 157 11
73 30 5
185 108 14
193 190 18
10 183 10
133 21 15
193 136 14
146 25 4
199 122 2
164 141 3
6 197 11
77 169 8
92 164 2
165 38 13
45 92 7
179 121 14
4 42 2
147 87 12
20 177 5
191 105 8
187 31 14
125 170 7
134 73 14
31 22 11
128 171 20
128 22 13
54 81 10
191 3 7
175 49 13
105 146 11
80 12 4
166 31 3
45 80 16
191 42 20
54 92 9
194 149 16
46 18 15
102 43 1
51 186 15
158 120 19
94 70 10
98 21 13
99 49 17
98 133 9
47 113 1
110 160 2
101 82 4
190 28 17
2 152 7
24 51 11
136 47 1
162 51 10
191 103 6
114 141 9
56 175 2
116 142 20
51 174 3
123 192 19
32 92 2
179 61 17
84 53 20
86 115 5
19 184 19
168 56 9
91 108 8
76 62 8
1 114 13
106 97 19
113 14 2
136 138 5
90 138 18
172 54 19
190 40 10
118 176 11
13 124 11
89 96 16
154 91 1
84 155 1
127 111 9
75 185 4
73 56 1
128 74 13
24 64 15
90 173 6
82 44 8
2 94 10
102 46 15
164 14 6
151 98 17
60 121 1
72 168 19
46 63 7
19 106 12
15 131 3
75 86 15
96 2 12
18 94 7
113 95 14
198 73 9
75 171 13
26 0 19
93 52 9
180 169 10
188 91 16
159 130 11
127 18 19
57 126 7
46 189 14
23 97 5
129 99 2
82 177 17
199 116 13
149 155 1
16 106 4
88 84 6
96 94 13
30 13 14
165 27 3
53 86 20
41 113 16
107 94 12
101 187 4
187 44 9
26 104 1
60 104 11
163 125 12
68 102 3
146 132 16
5 98 18
173 117 15
163 123 17
194 30 16
159 86 13
70 169 20
179 60 9
102 22 17
127 30 5
12 44 16
167 29 3
7 54 12
92 165 20
122 178 17
143 156 7
183 121 19
45 124 8
178 79 1
179 101 4
70 25 19
183 58 18
33 16 20
115 98 17
199 156 6
12 104 12
60 32 2
42 127 20
6 161 20
192 76 13
50 37 17
169 47 20
116 43 2
180 119 17
48 84 2
171 141 6
102 133 5
198 177 17
91 42 11
186 12 4
100 71 9
42 89 19
126 124 14
184 42 14
36 2 18
104 8 10
97 198 13
38 163 5
199 117 19
135 70 5
82 140 6
38 172 3
8 134 13
7 12 8
72 145 3
149 16 20
75 0 5
169 166 1
104 140 14
147 10 9
96 59 4
67 153 9
52 129 8
158 96 16
78 43 14
138 59 7
29 120 17
70 151 6
143 113 10
47 153 17
97 167 13
113 166 16
138 126 4
191 139 16
132 70 11
1 197 12
0 45 3
184 95 1
39 28 11
165 163 7
152 191 7
192 8 7
89 189 18
153 85 17
153 143 7
103 152 10
69 152 7
58 125 3
138 6 20
159 78 20
39 108 3
123 182 3
18 121 16
47 35 3
127 32 12
149 102 7
123 131 19
34 162 4
161 89 20
23 110 16
55 9 6
45 167 20
50 18 16
62 15 10
120 128 16
178 119 4
67 3 3
145 111 18
30 93 2
80 123 16
11 72 13
159 119 12
7 153 18
41 145 3
109 102 1
10 192 1
197 88 19
116 60 9
99 24 14
26 12 2
135 77 14
101 144 19
95 128 20
155 142 13
142 128 5
159 115 17
151 143 9
199 27 8
68 133 20
18 190 4
171 68 11
120 77 20
49 107 18
191 95 6
117 28 20
169 182 18
135 71 9
142 19 14
9 72 14
155 125 4
111 76 18
88 175 16
71 142 11
113 108 11
193 145 20
49 89 18
159 68 4
178 12 2
59 66 8
114 133 1
103 71 13
91 110 6
104 132 20
66 62 17
174 148 1
185 174 18
7 68 4
83 21 12
165 82 9
80 178 16
6 107 4
88 59 13
96 11 3
102 170 13
196 170 11
145 28 12
103 78 5
26 14 18
21 177 9
5 168 16
190 162 6
24 102 17
23 196 8
74 136 19
115 105 1
46 39 7
59 50 6
159 143 6
145 87 7
63 62 16
181 117 1
16 189 1
125 83 10
133 94 16
0 131 7
41 48 19
170 97 19
198 81 11
8 4 17
79 2 19
122 28 6
37 194 10
86 170 2
110 25 3
4 87 12
144 7 1
198 153 20
0 49 5
134 141 13
114 94 14
116 133 1
185 77 13
138 121 16
78 12 19
81 186 17
3 171 13
173 38 9
155 82 13
98 181 2
126 32 4
5 97 20
51 23 5
178 33 11
84 192 15
126 90 9
20 125 10
139 109 3
56 100 8
120 124 2
45 121 18
7 78 7
86 60 4
186 127 13
123 51 7
93 72 2
72 142 13
23 156 13
83 123 8
108 77 9
177 55 14
10 156 9
129 184 14
135 43 19
188 177 9
89 188 10
129 5 4
25 14 5
43 49 13
52 121 11
75 121 16
149 163 5
103 70 10
119 42 5
109 147 18
105 18 3
77 33 4
34 130 13
70 172 4
77 93 20
57 32 13
136 3 2
71 190 14
182 84 17
135 138 9
1 142 6
78 100 10
29 118 10
50 151 13
18 167 20
26 159 1
133 71 4
92 64 15
57 73 5
183 0 19
48 127 13
53 74 4
31 188 2
169 188 11
94 83 3
139 15 19
148 20 15
12 190 13
35 75 3
60 49 5
159 3 15
129 194 16
139 96 18
95 36 14
158 94 17
126 140 5
7 137 10
55 126 20
117 112 3
199 128 6
91 14 1
72 157 18
116 91 16
83 57 2
131 73 6
76 24 11
106 170 9
109 53 10
165 175 20
3 114 7
3 50 6
147 77 10
167 87 8
35 136 6
15 182 19
166 104 15
153 15 16
12 6 15
36 133 14
26 107 15
117 156 2
7 70 3
78 142 8
127 130 11
181 152 13
41 156 16
9 87 6
59 165 7
155 161 20
68 106 14
193 53 7
123 114 18
13 91 4
42 166 1
159 196 7
80 142 5
132 141 8
17 67 1
31 141 14
88 106 17
107 34 1
185 195 6
83 148 15
122 106 1
60 162 12
49 113 17
70 74 12
34 109 10
130 30 17
195 5 5
78 99 20
144 170 2
84 135 16
144 113 7
153 42 4
7 44 15
183 140 6
35 63 10
98 11 11
73 43 6
46 142 10
71 144 17
69 190 18
118 79 19
30 147 10
179 15 7
5 111 11
83 110 1
139 87 6
102 76 8
179 136 7
76 21 16
80 13 13
143 160 3
33 114 2
152 67 6
48 135 9
158 64 16
138 20 11
139 138 12
186 4 4
92 140 13
115 7 2
192 182 19
28 101 17
167 109 1
99 147 13
150 104 17
156 197 3
102 53 11
184 80 20
101 164 6
16 41 1
36 103 7
46 8 16
197 61 14
117 48 9
40 24 2
5 105 18
141 158 12
18 88 8
95 31 1
104 188 6
74 85 15
40 196 8
55 0 2
24 160 5
153 45 1
41 87 4
187 81 11
135 66 19
152 172 1
47 85 9
161 69 18
130 191 11
98 120 18
89 109 5
62 196 6
40 140 5
42 13 6
74 90 19
25 82 9
108 89 4
184 171 19
62 85 6
70 48 5
149 136 15
2 31 5
181 92 9
44 46 8
31 180 12
118 131 15
82 13 14
64 125 7
42 99 14
38 135 6
185 99 16
38 189 4
115 59 8
121 58 19
48 108 13
31 182 15
15 149 13
118 97 1
129 49 16
145 98 12
80 88 8
185 43 10
120 179 4
182 10 5
74 152 4
118 73 16
28 11 6
195 156 16
118 119 17
92 163 17
146 12 16
116 192 13
21 55 16
18 44 14
87 60 19
126 86 20
90 3 17
128 167 10
16 187 9
21 29 15
8 64 2
139 67 14
178 39 17
43 110 12
166 92 2
21 99 9
136 104 10
145 63 3
119 189 12
83 37 9
181 88 19
172 69 6
155 5 17
31 139 9
114 97 10
91 149 16
93 131 6
70 77 9
80 18 4
182 171 1
142 40 6
195 12 2
154 173 6
30 53 18
4 22 5
72 100 17
57 181 10
61 36 6
78 16 11
172 134 13
110 172 4
176 101 13
80 158 20
3 72 3
96 100 12
71 6 8
156 155 20
17 134 17
71 184 10
31 28 14
47 156 5
165 167 20
136 175 13
117 91 9
114 160 14
134 79 18
155 40 6
53 88 7
27 41 19
182 193 14
29 2 17
129 176 10
108 147 16
71 30 7
8 175 15
132 162 7
19 175 13
63 150 16
138 181 17
20 168 16
124 1 6
33 101 5
163 15 16
124 194 1
83 68 3
169 69 15
66 28 17
118 174 5
50 142 1
181 144 17
19 107 15
174 106 10
134 66 9
149 195 16
107 179 5
48 149 3
66 47 1
12 52 16
157 162 2
20 48 18
24 73 9
186 198 19
196 98 16
14 119 3
101 51 7
161 198 14
21 30 11
41 55 7
119 190 6
180 148 13
160 123 1
95 50 4
77 112 12
73 85 10
67 19 18
83 95 3
22 70 2
22 89 19
108 117 19
72 179 10
86 110 2
40 68 8
56 182 16
146 167 1
180 163 8
41 162 1
33 94 14
120 157 7
73 145 15
183 15 12
20 149 15
19 117 13
69 178 9
133 146 17
13 104 15
68 183 8
18 33 6
166 76 19
77 66 10
144 158 12
147 145 8
176 42 19
119 130 17
183 9 5
130 139 2
103 32 12
172 84 9
183 129 5
52 144 17
84 181 12
173 1 2
17 71 20
164 86 3
157 86 4
2 142 10
85 186 19
33 82 3
4 16 20
47 34 3
93 171 11
173 137 2
163 159 1
150 34 7
72 189 17
87 192 19
168 177 10
181 3 16
191 150 8
159 158 15
85 40 16
3 142 8
6 13 1
109 97 19
148 121 12
107 110 7
77 116 4
65 194 10
93 114 12
71 126 15
37 63 11
197 49 8
147 183 14
24 198 13
3 7 13
134 104 5
56 52 19
34 173 1
198 141 3
92 126 9
105 170 9
131 197 2
10 198 19
176 25 18
92 160 9
79 143 1
76 77 4
68 120 8
196 28 17
75 173 19
184 141 8
28 193 8
120 183 19
140 0 3
49 19 14
76 134 4
152 23 4
50 189 20
133 42 15
80 79 4
108 139 11
65 87 6
48 0 8
192 143 6
106 11 19
117 24 14
133 195 4
95 76 14
138 189 8
118 40 18
18 175 14
148 101 17
100 87 12
192 167 9
164 120 10
90 65 1
83 5 3
11 42 4
85 117 20
79 68 14
107 88 18
109 159 3
97 120 1
176 195 17
175 20 16
43 160 8
16 75 16
129 162 14
10 139 6
142 53 11
104 37 12
73 75 12
189 97 14
177 48 4
38 190 5
144 100 12
43 145 7
116 52 7
136 137 1
56 87 20
125 191 1
185 144 13
148 45 4
173 169 2
61 31 19
146 69 14
67 37 1
150 108 18
174 20 11
141 68 5
178 129 11
127 23 4
107 119 16
57 46 17
75 77 1
26 152 17
77 84 11
36 89 20
99 160 13
15 98 19
49 142 1
103 101 14
136 81 20
86 45 6
112 153 8
132 39 19
52 147 8
79 127 4
148 28 12
179 4 17
60 65 2
114 173 15
34 3 5
197 89 13
155 151 17
125 39 16
69 136 8
140 18 9
13 182 8
102 119 17
14 52 20
109 42 12
114 176 13
70 41 1
172 156 3
41 181 5
32 119 12
180 126 11
45 130 7
135 45 8
135 196 15
70 40 18
27 171 17
27 64 11
157 147 10
158 190 16
101 142 8
103 43 16
170 96 11
81 176 16
32 138 2
178 187 6
91 69 18
35 11 19
172 21 6
10 58 8
98 68 13
54 187 5
56 130 15
132 112 13
32 99 7
144 24 11
47 177 13
94 169 9
11 31 1
57 176 8
147 58 19
185 98 9
113 3 12
6 72 14
65 195 18
110 103 15
95 102 2
160 44 5
49 23 3
102 0 11
157 178 8
155 44 3
55 34 10
71 76 17
143 107 16
62 184 19
199 119 9
45 65 13
124 151 18
146 20 1
71 192 20
104 44 6
28 114 14
26 84 10
36 99 5
121 145 12
196 12 9
121 64 8
78 31 4
9 140 16
188 186 12
9 126 15
106 113 20
58 18 4
174 159 9
178 55 10
190 117 17
49 122 1
196 93 16
35 95 14
164 69 6
142 135 9
53 60 5
130 106 15
35 172 1
68 70 2
113 82 1
32 11 9
23 18 17
144 59 2
28 19 4
79 19 10
6 155 2
8 143 11
173 140 17
23 113 5
121 79 13
25 24 18
46 132 12
150 77 5
160 121 11
171 91 6
8 176 10
178 135 1
6 17 9
50 53 18
0 192 15
114 142 14
29 194 9
130 136 19
134 107 11
146 13 9
74 106 7
124 60 7
66 65 20
64 154 10
140 118 9
104 182 11
188 97 6
175 92 18
22 153 18
173 40 12
122 43 1
176 80 6
120 88 7
71 168 7
170 191 13
153 179 4
167 43 2
15 39 12
101 185 13
187 171 17
7 23 5
52 62 2
156 85 2
32 154 6
30 179 9
42 69 17
171 189 16
81 154 16
143 76 3
99 57 20
115 14 12
124 160 13
31 65 15
68 81 9
0 194 2
2 141 18
41 52 2
102 20 18
106 87 5
92 121 17
160 85 17
16 52 20
111 194 8
180 151 8
29 31 15
191 26 5
154 190 19
145 18 11
157 6 2
91 84 15
16 113 2
172 153 11
188 180 4
176 59 12
176 106 2
72 46 9
173 180 20
67 73 20
122 189 19
0 99 14
4 33 6
176 48 8
74 172 12
160 173 4
26 21 4
199 78 20
150 90 3
164 100 7
23 57 20
194 99 8
122 81 4
102 193 18
65 142 12
37 131 1
191 119 20
17 186 9
24 159 8
10 8 3
85 1 2
135 17 8
97 153 12
158 67 8
5 123 12
173 59 14
38 174 18
164 156 15
16 192 13
14 18 16
151 149 14
31 82 4
50 70 18
139 149 6
61 15 18
18 129 8
39 190 7
9 171 6
44 31 14
34 147 19
156 169 9
62 25 10
43 21 15
116 20 3
11 49 7
65 98 8
23 107 20
61 199 10
57 3 6
99 101 6
89 129 10
27 32 19
122 9 17
92 20 19
89 141 5
2 140 15
111 71 1
30 88 4
147 106 12
115 40 17
193 118 5
19 161 7
162 46 16
8 48 4
6 20 9
37 158 18
92 68 15
33 159 5
188 87 3
145 142 4
69 139 12
199 15 8
119 155 5
150 36 7
126 112 15
69 182 20
199 100 16
138 157 4
33 21 16
140 91 3
106 123 14
22 51 4
94 123 4
82 0 11
183 4 16
126 152 18
31 156 17
13 72 15
195 178 10
65 167 20
85 152 19
191 12 1
171 90 13
109 57 8
115 106 1
132 19 6
51 150 11
190 51 12
124 91 17
64 65 2
155 76 17
33 59 8
12 87 8
2 35 19
70 194 8
15 175 1
170 0 20
157 112 18
125 90 9
98 121 10
23 39 12
139 151 14
0 110 14
77 186 13
192 152 19
42 47 16
144 15 11
74 31 6
7 180 16
38 140 13
152 90 12
131 22 20
37 167 19
11 181 9
134 12 12
111 193 20
106 31 14
140 46 7
84 196 20
157 125 20
80 76 13
56 120 1
160 106 11
40 12 15
25 120 9
66 43 2
153 170 17
192 173 17
76 136 5
128 79 11
85 48 13
150 75 11
82 76 1
121 13 1
78 48 2
146 109 5
76 193 6
194 90 19
57 12 12
173 25 6
53 63 8
53 94 4
7 117 19
11 22 10
3 109 7
21 10 4
172 75 14
71 173 4
57 139 6
51 156 7
25 71 18
8 110 19
150 12 4
31 62 19
83 165 13
183 159 13
106 163 16
17 0 19
8 99 17
175 167 4
27 77 1
27 57 5
180 128 20
194 89 14
33 9 14
145 199 4
196 186 19
37 125 12
179 102 11
191 141 11
97 172 11
67 63 5
66 44 10
62 174 18
78 113 6
61 114 17
81 139 8
155 28 12
158 91 18
123 88 19
142 41 18
64 142 6
51 99 8
51 89 15
17 89 15
40 165 11
15 9 2
139 82 19
133 162 13
0 63 9
43 29 13
167 118 19
97 49 18
142 107 3
130 165 7
41 17 4
134 101 3
18 68 19
5 126 18
168 90 2
147 38 15
111 158 1
85 175 13
141 100 8
193 30 10
53 36 10
43 67 7
102 153 1
194 127 3
95 107 3
114 82 4
150 169 18
182 81 2
33 184 13
6 36 4
90 109 16
106 189 7
85 77 20
175 75 19
187 150 10
64 4 15
139 167 6
127 144 7
14 144 11
90 41 12
50 83 19
162 40 12
43 121 12
126 120 19
28 192 11
20 181 1
134 164 20
195 48 9
133 88 19
35 67 13
145 137 7
174 129 5
96 199 3
83 20 3
66 5 4
172 50 14
137 170 15
179 104 18
73 112 17
99 25 8
140 150 3
193 174 15
187 118 9
177 41 5
160 168 8
118 170 5
50 130 16
101 75 8
88 24 10
163 199 13
160 47 1
112 143 17
78 121 16
1 50 16
58 162 10
148 107 17
136 107 4
41 109 8
66 149 8
184 27 8
112 23 6
37 0 9
81 133 20
73 116 17
55 108 3
71 104 17
128 14 10
64 54 11
131 14 8
141 93 2
106 7 11
64 14 10
20 79 13
196 112 18
19 75 12
89 167 12
121 104 13
109 18 18
78 15 8
132 7 2
127 73 7
94 118 6
9 4 10
45 111 19
155 185 17
34 146 5
196 99 4
5 86 14
32 167 18
85 93 11
62 72 11
169 41 3
139 188 1
177 35 4
137 146 13
83 181 10
77 81 10
183 128 17
25 29 16
131 146 13
178 65 6
194 113 16
176 88 13
98 59 6
51 127 4
90 119 14
131 142 13
80 1 9
50 29 9
58 79 5
186 56 8
40 3 11
111 66 10
176 94 16
64 93 16
8 162 1
66 108 5
63 107 10
31 45 3
128 115 7
139 29 14
175 147 17
170 90 1
22 84 13
94 20 7
75 143 1
134 115 3
150 17 7
43 74 3
138 79 9
158 93 1
159 74 12
46 164 11
148 52 14
169 89 13
195 136 10
149 8 3
98 3 8
112 60 11
153 33 18
83 46 8
183 71 4
48 185 14
61 20 14
173 26 18
15 47 18
5 12 7
118 77 6
5 59 11
110 72 1
81 28 4
52 75 19
74 165 12
92 30 5
110 26 10
19 59 11
46 112 20
104 101 16
64 157 9
170 30 15
157 102 1
44 14 1
167 171 16
172 40 9
72 8 2
106 61 14
150 103 18
92 153 5
44 32 8
20 55 3
141 85 15
97 102 10
114 126 20
190 109 8
156 190 15
145 9 15
143 139 19
92 158 8
81 158 20
137 63 9
161 75 4
71 27 5
9 113 2
80 126 6
154 63 18
91 153 10
141 73 17
128 191 6
197 34 8
30 177 10
11 52 1
152 47 12
11 120 13
35 87 4
15 147 7
1 66 7
81 93 1
177 162 20
116 58 18
40 19 14
141 40 4
44 3 6
166 87 1
195 105 1
69 170 11
126 89 4
104 28 2
163 22 11
50 134 20
5 32 5
23 88 11
0 179 13
131 86 20
105 131 17
76 47 8
88 156 17
92 57 1
55 98 13
111 59 16
17 188 17
150 174 18
132 125 19
189 147 18
0 124 12
17 182 10
192 189 7
136 6 15
100 60 10
99 180 16
141 70 6
73 27 7
191 66 12
114 80 3
90 17 6
62 30 11
7 30 9
198 90 12
186 84 17
13 61 20
52 77 13
192 59 8
46 100 19
161 140 6
85 104 7
158 179 4
35 62 8
154 141 10
123 85 6
72 98 7
6 176 10
27 118 15
157 41 15
28 2 8
94 55 12
157 181 4
2 198 15
38 63 11
103 7 7
148 197 3
160 67 13
28 107 9
75 27 15
102 85 5
57 156 17
122 21 9
163 198 1
4 82 8
115 75 14
29 80 2
24 158 1
86 145 10
165 8 2
103 34 6
130 1 6
183 168 10
51 117 15
69 98 11
125 5 19
177 172 6
56 63 6
78 90 13
150 23 7
138 41 9
110 162 15
32 175 6
20 195 2
97 77 6
26 195 3
122 159 7
104 20 6
113 170 16
166 97 15
155 183 4
183 119 20
84 29 18
28 63 1
7 189 16
51 153 16
151 12 8
65 76 1
177 17 10
195 94 1
74 138 16
109 153 16
30 36 7
174 80 4
95 117 1
31 35 9
4 164 6
73 76 13
67 149 15
145 34 5
166 165 20
111 123 5
162 134 18
178 192 13
104 173 12
125 35 12
111 173 3
198 98 5
112 144 8
119 185 5
71 85 6
166 64 15
5 114 6
114 181 19
181 26 9
32 0 16
12 21 9
147 141 5
81 75 11
181 14 3
11 9 3
69 68 16
163 113 11
20 26 7
165 73 14
141 4 20
146 40 1
169 105 15
143 158 8
164 169 2
113 180 8
85 56 8
79 7 3
140 152 3
178 16 6
158 131 3
10 196 12
148 58 1
198 77 8
156 119 15
87 141 1
136 196 20
121 191 18
96 9 4
29 87 11
197 74 15
184 64 19
63 78 11
183 53 9
176 154 4
97 22 13
156 48 2
171 13 10
24 146 17
122 15 12
67 148 7
1 113 5
175 180 12
115 165 16
153 116 17
67 142 16
6 88 10
100 90 5
56 180 5
70 76 3
62 27 3
112 44 9
120 44 4
109 82 9
11 127 16
139 172 8
98 155 19
161 194 14
194 108 5
4 160 4
87 144 18
147 92 6
133 99 18
120 49 20
40 131 13
197 195 16
66 177 2
86 74 19
154 52 10
70 90 8
37 57 3
163 171 3
125 78 13
134 147 2
157 49 16
108 101 7
39 137 18
181 75 20
154 56 7
190 44 14
6 106 12
184 69 1
77 173 13
2 8 12
1 9 11
125 10 12
125 104 16
145 153 8
79 77 10
160 146 20
80 151 18
175 169 17
51 105 20
78 129 19
190 181 11
137 20 18
170 53 10
83 23 15
105 152 3
177 149 7
100 32 9
56 90 10
35 72 16
58 180 20
93 13 4
4 77 12
173 54 4
48 69 2
144 28 17
125 52 14
10 7 12
71 180 14
166 2 19
136 82 18
105 41 5
4 133 14
52 68 20
165 56 17
66 46 1
11 191 16
172 112 8
116 194 14
104 160 12
25 72 10
2 81 7
11 61 16
130 15 18
176 93 5
46 37 12
169 145 17
139 189 16
8 90 12
191 184 8
39 2 10
61 60 2
181 132 18
117 153 1
53 49 9
188 81 19
50 115 19
67 8 1
168 21 4
142 6 1
71 58 6
69 84 1
171 178 5
4 11 7
75 111 10
106 199 17
67 185 16
156 3 19
14 48 2
80 30 10
82 39 18
68 166 1
164 23 16
24 195 1
65 151 14
41 176 12
78 53 4
11 65 17
166 127 19
156 130 12
0 100 7
101 1 19
52 145 18
43 115 9
3 101 15
1 158 15
37 178 6
104 176 14
67 29 2
193 101 2
39 164 19
110 60 3
46 53 14
184 132 19
59 123 1
99 197 10
85 57 18
188 78 13
35 142 8
9 50 11
71 35 12
159 141 4
58 4 16
174 111 17
123 93 17
22 79 8
127 89 16
199 11 20
190 16 9
97 124 6
153 78 8
15 12 2
133 107 20
137 21 16
6 56 16
42 136 7
50 123 17
88 39 11
3 178 13
23 8 13
193 140 8
46 98 18
30 54 3
55 199 1
43 150 11
93 157 12
73 28 17
121 177 14
187 4 16
84 109 8
62 88 2
111 156 13
60 161 17
19 110 16
34 194 2
23 44 5
90 48 2
49 86 9
182 75 10
66 103 13
100 197 2
107 184 12
33 2 18
138 179 20
183 109 10
98 35 13
178 22 5
51 4 9
97 63 18
177 15 13
169 130 11
65 0 18
55 15 9
161 193 13
89 162 20
183 135 4
75 49 1
152 34 17
73 158 3
42 54 3
168 146 16
31 67 14
83 11 7
20 7 13
114 143 20
61 93 6
144 70 2
142 69 12
7 133 17
99 122 18
132 45 6
183 2 20
25 104 2
94 111 13
95 122 11
87 196 12
194 159 2
168 40 5
115 178 15
23 102 10
128 97 18
60 97 19
44 140 15
84 129 13
3 195 5
4 131 2
17 12 3
17 97 2
71 54 2
9 120 5
1 87 20
19 199 5
12 77 3
134 4 2
158 75 8
45 198 4
86 135 5
71 139 16
193 172 8
168 93 10
23 12 15
177 104 3
159 102 16
76 147 13
114 18 9
45 72 9
71 62 12
177 163 19
5 185 11
159 70 14
44 13 16
14 35 8
169 197 20
25 112 11
54 51 9
8 28 1
36 111 8
182 174 2
118 154 12
161 31 5
187 136 19
71 18 9
7 101 18
76 125 2
54 20 13
103 54 4
59 124 18
120 127 11
172 192 10
195 184 7
129 11 2
110 139 19
87 48 15
19 195 15
29 60 18
3 119 1
165 184 19
38 94 14
49 118 17
105 132 14
69 109 6
66 14 20
31 129 4
56 126 18
162 90 6
151 194 16
195 143 10
79 129 9
133 127 11
14 23 19
60 128 9
56 88 15
33 191 18
182 33 5
88 154 17
197 152 8
130 149 12
109 157 5
103 164 4
69 61 6
120 59 5
120 50 10
25 40 11
57 40 1
106 175 9
168 106 13
77 57 4
48 165 20
103 48 12
114 128 6
52 29 8
74 186 3
91 144 5
140 182 7
76 16 6
12 51 11
26 127 8
158 10 13
195 119 6
52 183 18
91 58 10
27 67 3
96 141 19
89 165 9
18 5 13
23 188 10
17 168 5
98 107 1
183 57 4
123 48 4
173 199 1
65 183 11
135 168 15
149 11 9
29 176 8
191 77 7
40 73 17
175 71 15
175 156 18
176 197 14
83 137 14
56 2 18
127 177 8
174 43 17
1 134 3
171 10 4
150 199 19
4 146 2
185 22 11
142 105 1
62 178 9
15 160 15
153 122 17
63 93 16
92 184 13
162 148 4
191 53 10
87 179 11
100 156 2
157 5 14
14 110 6
39 162 6
190 32 14
99 189 18
6 70 11
137 114 4
164 8 1
178 99 12
27 143 16
92 1 4
77 172 16
53 119 10
81 195 11
127 141 15
71 130 20
103 93 7
0 8 16
135 123 15
96 137 10
105 74 14
12 189 14
77 170 9
192 169 9
54 120 14
125 115 13
164 105 10
48 107 2
38 73 5
50 40 13
76 81 17
93 37 20
12 19 18
49 173 13
193 27 7
14 49 10
28 69 7
90 120 1
69 186 14
24 54 14
147 119 11
187 139 2
65 43 16
189 114 1
31 36 7
199 147 15
59 23 10
60 12 12
80 60 11
185 69 9
30 41 18
40 71 5
123 37 14
140 81 15
194 109 15
12 143 2
158 34 4
55 105 10
189 70 5
61 144 3
140 20 17
144 193 11
174 71 9
161 112 3
131 27 19
90 94 8
129 187 17
68 132 18
165 69 20
115 20 17
157 127 8
97 185 10
92 186 3
139 86 2
71 141 10
137 60 10
11 103 1
102 92 4
79 44 9
192 105 16
83 97 7
154 156 16
163 29 12
60 14 4
47 120 12
60 45 13
128 84 6
126 192 2
49 153 8
116 39 8
39 113 10
62 128 2
14 30 20
177 150 7
32 71 13
41 189 20
170 151 7
100 137 12
163 184 13
91 182 10
117 171 13
25 76 18
52 33 14
129 48 7
24 124 13
154 37 10
57 5 1
60 72 16
73 44 2
72 22 12
20 78 10
185 44 15
13 149 8
13 12 12
57 112 11
190 141 6
152 193 16
133 72 11
150 119 18
77 153 7
36 120 16
50 157 1
127 1 16
56 8 11
171 28 1
25 197 14
62 125 20
62 123 2
30 37 17
110 142 6
118 62 18
180 81 15
146 141 16
64 21 12
106 26 5
64 80 14
111 92 6
188 174 18
66 119 1
1 38 19
48 13 11
176 96 6
126 163 4
190 103 10
51 93 15
37 39 13
122 134 19
186 134 16
122 51 7
149 17 7
21 23 4
84 96 13
195 40 6
24 10 15
155 182 4
103 60 15
184 188 5
92 183 20
143 183 15
83 119 11
99 95 19
128 3 13
169 42 19
188 167 8
159 132 20
144 35 12
86 183 15
155 116 9
6 165 14
56 157 11
12 100 10
90 16 6
34 183 1
197 66 16
151 107 14
44 35 12
103 198 12
106 153 19
6 52 9
24 115 5
86 18 1
136 170 15
152 9 18
77 56 1
66 63 11
51 94 7
9 125 20
113 76 10
111 2 8
147 57 10
116 170 17
41 92 19
172 63 5
165 123 3
50 88 2
30 3 2
60 85 13
23 165 4
62 155 13
156 116 19
31 9 3
64 31 7
39 48 12
180 12 13
57 142 2
22 130 19
135 179 9
112 12 9
79 196 14
152 174 5
91 109 15
92 87 6
178 169 16
164 88 3
137 147 5
198 78 5
91 121 6
109 133 12
197 48 6
82 50 14
44 8 11
157 152 13
148 31 19
191 62 17
8 154 10
87 88 6
85 80 1
179 126 11
105 174 19
27 96 14
69 92 8
8 195 19
26 100 11
42 66 19
26 28 2
13 115 16
13 69 19
128 197 9
89 69 7
140 107 18
2 95 16
121 157 3
181 6 14
111 46 5
115 95 4
104 51 7
196 54 16
64 137 6
69 64 20
84 9 1
1 100 17
53 87 1
67 187 9
61 68 3
55 101 1
55 145 4
57 189 7
4 13 19
128 107 12
146 191 15
155 147 4
132 66 18
169 4 19
49 135 3
153 180 8
135 50 17
57 121 7
39 106 16
182 53 20
82 2 2
23 163 14
123 138 10
136 12 10
146 70 6
102 121 4
7 199 7
189 162 15
122 73 6
56 173 12
20 44 20
82 197 13
109 112 5
17 118 15
109 51 6
162 77 20
166 75 9
141 173 10
38 65 11
114 164 19
85 65 19
63 74 14
185 21 4
31 81 13
116 13 5
29 47 15
162 80 3
3 194 10
37 44 3
183 30 7
74 117 14
8 101 10
30 133 8
114 194 2
33 50 16
103 20 17
190 17 3
31 123 16
107 3 18
146 187 18
128 47 3
167 142 12
114 90 20
72 139 16
149 25 12
173 129 3
70 125 3
7 188 19
197 138 10
58 113 17
131 39 10
154 178 8
73 174 20
110 55 16
48 182 17
191 57 16
152 120 10
147 18 11
140 78 13
73 183 19
96 129 10
81 85 2
18 6 10
79 104 14
131 16 11
195 167 14
82 142 15
159 81 9
91 45 5
66 76 14
13 31 19
0 185 6
113 4 16
126 148 14
110 174 12
51 15 10
80 92 10
123 60 15
177 71 11
70 67 17
37 190 15
75 28 1
89 34 12
111 106 12
61 195 9
3 127 6
69 105 14
177 165 9
151 94 13
4 29 6
170 98 19
35 110 19
112 127 2
0 190 4
30 86 3
42 110 7
80 143 3
124 125 10
72 55 16
165 28 19
149 112 8
8 168 4
100 157 8
120 106 7
86 14 3
117 36 13
157 171 11
79 38 19
90 181 9
122 33 19
119 49 6
128 80 14
91 12 11
144 8 12
34 143 9
75 47 20
102 72 5
81 38 15
2 186 8
166 107 20
21 51 19
26 129 12
196 8 18
53 56 14
81 127 16
170 71 4
183 16 1
80 27 1
114 14 17
140 84 3
31 99 17
143 22 14
147 48 4
45 84 19
16 81 20
187 84 8
53 79 1
66 87 15
108 47 7
173 37 17
54 53 17
89 131 15
137 153 1
130 124 18
183 13 20
153 123 9
48 30 15
11 56 14
93 19 16
114 125 8
67 121 14
13 14 2
123 171 4
92 130 2
116 38 17
20 39 11
173 92 14
179 157 17
61 140 13
54 171 2
121 125 5
98 179 12
76 142 5
116 104 1
182 105 9
34 8 16
86 61 12
191 169 2
129 33 7
106 20 20
12 108 6
169 27 16
103 186 2
10 162 15
47 95 7
158 40 5
66 187 5
85 197 13
86 133 2
16 173 17
93 2 15
175 91 11
3 186 17
159 98 12
35 159 9
32 24 2
53 155 9
34 128 4
73 86 10
69 116 8
55 139 4
23 43 17
135 33 8
64 44 17
196 157 16
71 152 3
1 84 13
155 27 2
29 105 17
66 51 8
20 86 13
168 34 10
15 173 20
61 187 20
140 119 2
7 25 15
65 48 18
109 123 6
138 102 11
80 10 12
86 71 13
142 4 5
31 25 10
35 93 18
89 3 13
161 199 18
138 191 10
162 71 1
141 172 15
97 116 5
6 49 3
17 45 4
173 102 13
125 176 11
142 153 16
160 45 12
69 77 1
29 18 11
112 173 1
167 168 8
99 110 11
166 71 6
102 147 1
77 175 15
92 115 7
194 147 16
183 31 15
101 172 9
107 20 14
85 38 5
0 30 9
54 140 4
137 90 6
190 137 7
185 96 9
128 102 13
100 83 16
108 166 12
81 174 2
9 71 20
19 86 20
115 72 11
92 22 3
122 149 16
147 73 6
85 4 5
15 181 19
67 155 17
103 80 16
93 195 12
133 131 4
136 162 13
15 174 10
196 4 17
94 40 18
118 143 6
177 13 14
100 151 8
21 59 6
103 0 9
126 75 20
80 58 6
181 51 2
113 141 10
180 107 8
163 186 14
150 166 1
54 151 12
67 110 8
167 191 8
5 165 17
56 152 12
50 174 20
35 49 8
61 186 7
147 12 17
130 77 19
65 19 2
137 162 3
173 28 2
93 184 9
40 192 16
198 14 11
21 75 13
131 18 5
174 61 2
143 135 2
47 81 6
102 140 18
44 4 16
132 47 11
90 51 15
88 188 3
65 59 15
77 1 6
78 176 3
27 159 5
15 0 10
149 31 11
194 25 10
169 115 3
116 87 4
190 132 2
47 181 20
99 173 11
125 134 1
71 79 18
58 52 18
192 196 9
36 183 8
103 83 10
30 122 17
126 68 20
78 50 17
135 98 16
131 17 8
184 44 16
54 115 17
46 176 10
30 8 15
54 138 3
95 27 6
29 48 11
26 52 16
171 18 5
68 195 6
140 122 16
61 191 9
128 125 9
109 107 20
171 150 19
19 179 1
115 135 1
37 163 15
157 75 11
99 53 2
170 134 4
120 149 6
138 69 17
177 116 7
11 41 6
145 160 13
58 167 10
85 132 7
154 149 3
22 83 8
28 84 12
138 55 16
118 35 14
128 106 14
113 182 9
180 25 13
169 74 9
165 185 17
49 133 11
12 152 15
104 62 16
34 175 9
120 196 14
126 101 10
114 190 11
76 8 11
169 143 15
0 39 14
131 145 2
155 12 8
84 54 1
46 21 18
92 82 19
87 132 5
163 16 6
196 59 4
139 147 16
48 62 15
191 0 3
81 41 4
183 169 18
96 106 8
110 94 16
139 80 9
56 96 13
165 25 5
60 178 12
128 4 9
89 151 8
188 72 16
37 99 17
154 90 15
175 176 3
120 159 6
19 87 20
28 72 5
14 78 15
60 42 15
176 177 15
114 8 5
172 186 11
15 49 12
39 22 10
93 169 4
195 95 10
199 53 4
32 156 18
119 11 8
179 105 13
165 119 10
9 185 18
105 158 8
85 196 19
49 174 10
38 7 3
119 51 7
135 124 5
63 122 15
65 21 15
121 115 18
26 99 8
89 31 8
4 24 9
96 17 6
124 197 1
38 16 2
197 28 1
22 7 18
153 26 7
54 124 1
179 56 14
97 181 8
3 152 7
11 164 16
166 35 16
95 91 7
31 126 6
156 161 20
103 130 15
145 175 12
94 197 11
66 54 19
88 97 19
107 30 13
134 151 15
4 114 7
160 72 18
182 152 14
164 36 18
52 127 10
73 152 14
122 90 10
176 61 20
10 126 16
146 3 20
118 129 15
74 120 14
46 36 18
52 172 2
8 97 20
37 79 1
6 8 15
163 140 16
10 90 5
90 43 19
69 107 3
71 87 7
83 139 8
158 74 19
40 42 15
135 5 5
46 54 4
146 152 12
39 114 2
153 17 13
99 187 1
56 105 3
98 18 10
102 55 5
142 11 7
179 81 11
39 157 10
39 146 2
91 102 17
68 105 20
172 119 10
134 111 11
6 146 17
82 35 6
155 159 8
148 99 3
164 3 19
118 30 7
77 174 19
42 76 12
30 114 17
125 95 8
74 142 6
97 91 16
160 167 15
129 4 15
146 162 17
175 33 17
135 134 8
104 169 10
68 108 13
191 59 17
113 24 1
176 21 14
128 43 8
11 175 3
68 16 5
66 148 1
87 130 16
101 67 13
88 149 12
112 171 10
1 161 9
18 154 12
143 181 15
12 161 18
56 146 19
113 186 12
48 82 13
184 58 3
63 128 17
95 64 14
155 19 8
139 20 9
138 7 3
100 106 7
4 75 5
21 132 3
3 179 2
35 156 18
26 33 8
28 47 9
36 97 8
163 40 3
156 89 3
130 178 10
41 129 9
13 36 15
37 129 1
2 155 13
40 130 4
160 42 1
144 32 4
118 195 6
154 101 3
151 61 5
102 108 4
116 88 12
73 190 11
51 155 15
143 98 19
12 140 20
187 189 10
8 111 12
10 120 17
104 165 5
85 8 6
175 81 4
134 99 6
34 19 18
125 119 17
191 88 5
1 141 2
46 195 9
43 112 13
77 24 15
199 171 16
52 170 4
198 137 1
35 1 10
11 136 17
110 75 17
112 100 17
68 137 5
118 180 19
17 120 11
131 126 16
62 70 11
33 125 2
2 52 14
158 193 5
78 115 3
97 194 5
167 8 5
133 3 1
41 71 9
25 175 19
110 32 1
63 59 10
135 42 11
86 56 18
191 132 6
116 129 4
166 181 6
134 196 1
116 169 18
189 120 2
185 164 18
193 165 11
141 111 16
132 5 19
183 37 19
75 167 8
166 136 6
100 66 14
44 118 2
127 142 4
113 70 1
58 185 14
59 15 20
24 19 4
182 109 15
47 48 5
63 191 2
162 57 5
119 2 13
122 18 6
32 183 11
196 71 10
51 169 13
120 0 14
93 155 7
4 174 12
68 42 7
142 13 7
39 16 10
108 6 13
146 135 11
159 11 15
24 168 3
24 108 10
176 186 8
146 103 17
22 108 1
37 105 16
9 110 16
187 37 17
149 97 16
164 117 6
192 1 13
142 98 20
175 98 11
162 36 7
43 1 5
159 147 6
132 88 18
151 110 16
25 145 14
172 13 8
155 154 8
34 167 12
26 140 19
57 122 11
91 143 13
56 35 6
84 58 2
18 177 13
147 140 3
143 57 4
144 20 1
124 65 3
181 101 10
149 132 17
1 157 19
161 162 15
75 107 7
151 22 2
77 127 17
154 62 11
28 137 17
70 124 2
145 159 17
14 132 11
165 188 2
99 80 19
124 190 6
138 30 7
199 54 12
99 69 6
185 145 12
80 144 9
129 25 16
79 162 16
175 143 7
112 92 1
34 54 4
113 134 19
93 143 8
135 163 7
90 196 18
199 194 5
51 173 13
68 49 8
119 54 17
25 32 18
58 109 16
62 73 20
135 172 8
128 29 1
21 38 18
127 19 10
20 43 9
42 122 12
145 1 5
3 18 3
158 38 16
32 157 6
20 35 10
33 102 6
64 73 12
172 160 19
34 82 4
117 104 9
18 60 8
154 83 20
31 128 2
57 124 20
100 62 11
67 61 16
58 60 12
165 47 10
5 104 20
198 25 15
2 16 14
100 95 1
29 65 10
37 41 16
152 52 15
12 182 4
65 147 17
61 19 14
167 176 19
178 31 14
63 106 3
136 173 6
106 191 1
196 97 7
53 65 5
183 191 19
27 175 17
86 161 13
42 33 13
183 69 20
192 38 12
190 145 19
179 164 16
192 5 20
72 173 14
60 79 4
5 52 1
167 91 9
179 181 3
41 125 13
2 65 7
91 68 20
130 114 9
187 149 9
197 17 13
14 182 1
147 164 2
106 161 19
18 112 7
167 81 10
44 107 17
111 183 12
4 144 20
110 18 7
178 127 11
27 149 3
65 27 2
16 153 1
133 142 1
166 133 11
156 61 3
146 60 11
189 85 12
36 19 20
34 171 4
80 112 1
26 69 5
36 124 13
64 7 5
193 81 2
136 7 20
178 153 4
55 43 8
70 58 10
185 100 1
103 63 18
108 42 11
162 100 20
20 46 15
149 121 13
163 195 14
141 41 2
97 98 15
33 172 19
19 66 15
69 53 7
136 26 15
133 75 4
179 139 16
68 22 1
141 91 15
194 87 15
6 140 11
182 100 6
176 27 15
192 51 13
36 168 17
197 40 11
115 80 14
162 160 8
151 195 19
96 6 12
39 3 15
26 45 18
179 197 14
68 110 10
165 20 10
124 131 13
75 145 3
5 39 12
91 6 11
14 72 16
13 163 3
105 151 2
147 104 14
152 190 14
24 137 3
113 157 16
125 87 14
69 83 3
150 95 10
118 122 12
21 48 14
181 153 5
184 82 12
160 137 10
21 54 16
96 145 6
199 0 4
68 169 18
123 188 19
7 5 13
199 183 20
24 89 8
150 54 19
97 34 14
94 69 11
111 179 19
33 99 8
37 192 7
19 146 7
140 197 9
138 127 7
137 19 9
8 88 9
56 137 11
92 196 4
184 72 13
19 23 17
92 197 12
21 7 2
87 46 12
45 25 18
82 62 18
110 102 14
181 103 19
131 88 8
76 149 8
6 195 7
27 121 1
184 60 16
152 107 13
36 93 16
185 122 4
143 45 8
151 117 5
64 136 8
30 58 11
42 177 17
92 19 14
11 110 10
80 105 18
144 184 11
199 132 9
57 68 12
1 72 6
55 123 19
89 84 8
5 175 7
140 24 8
23 62 15
3 163 2
51 8 16
93 74 16
97 100 10
196 70 7
48 53 12
80 106 20
37 82 18
197 155 2
55 18 10
130 76 1
137 77 8
38 92 18
196 46 12
25 139 12
157 137 2
9 59 20
185 38 9
54 112 18
162 183 7
114 117 5
98 41 13
178 0 5
106 197 7
20 59 13
11 151 19
170 14 18
135 35 8
165 126 1
173 96 14
168 141 5
35 52 1
27 148 19
193 162 3
25 20 19
109 19 4
83 102 8
182 184 5
178 142 2
153 95 6
83 36 6
59 180 20
166 131 15
89 125 13
152 118 3
81 18 15
178 13 13
111 132 11
123 156 12
92 110 16
85 21 12
144 167 6
49 69 1
104 84 15
96 192 10
188 90 1
147 14 8
32 87 16
187 131 6
187 68 13
57 26 8
171 65 1
32 114 8
48 33 11
47 193 15
66 146 5
136 102 16
127 161 20
28 78 6
61 165 14
123 82 9
122 113 15
92 148 15
13 73 18
135 122 5
114 53 8
109 130 16
36 179 3
55 193 14
47 96 4
119 64 5
107 162 1
134 157 12
145 130 6
4 60 20
105 31 6
122 6 1
146 64 8
165 176 19
133 61 13
111 25 2
52 108 13
100 76 11
190 84 4
29 154 9
57 100 12
63 179 2
57 98 6
116 185 17
197 189 10
94 46 3
66 82 20
13 22 12
132 4 6
15 30 14
158 127 14
126 30 5
12 50 9
173 119 11
125 103 4
167 92 20
33 27 10
142 139 8
21 34 16
78 13 10
107 192 6
98 48 18
26 174 1
28 36 9
16 43 1
179 175 4
76 30 3
179 84 9
157 69 18
187 163 3
85 6 19
75 149 13
28 88 9
116 167 2
139 177 2
1 177 19
90 63 20
62 136 13
44 47 15
88 58 11
146 161 1
40 106 1
93 83 6
26 143 13
179 9 15
