300
8970
41 207
52 71
206 90
75 103
239 161
156 284
232 44
40 234
129 164
30 107
288 277
104 260
125 265
99 106
3 180
296 284
157 132
13 84
122 291
108 6
179 41
69 71
259 241
153 136
98 26
282 109
197 84
282 243
135 179
239 67
107 267
269 199
234 43
6 57
237 13
112 199
15 173
16 195
152 245
7 295
66 46
149 137
236 99
74 18
179 83
141 38
107 275
57 257
166 41
149 197
87 60
33 76
165 46
23 50
170 15
288 135
80 139
145 276
182 66
260 187
63 192
201 97
205 93
172 97
49 70
66 206
213 46
192 241
40 16
236 55
27 258
277 179
235 268
294 159
219 177
90 146
83 164
63 21
163 74
262 199
179 294
48 261
96 119
79 40
158 184
292 149
41 0
102 31
68 115
175 92
208 72
224 275
260 254
42 79
203 10
106 42
135 114
18 117
62 91
57 46
122 88
118 290
200 140
274 251
121 53
242 221
181 253
22 284
13 137
286 135
201 204
85 0
175 40
191 50
223 201
194 298
176 150
155 250
188 37
41 141
1 172
40 4
119 213
114 153
226 297
145 222
114 14
168 38
291 156
103 145
99 276
0 202
196 253
87 15
94 72
242 271
114 10
36 11
46 88
279 29
121 205
89 46
28 186
231 3
142 180
184 267
75 136
229 294
106 236
82 96
281 251
7 158
297 15
171 251
9 94
268 153
240 238
146 125
147 25
216 270
104 263
113 158
94 217
149 51
64 252
239 197
283 161
296 100
215 72
185 255
177 241
269 165
204 189
63 269
263 155
39 164
266 186
241 33
17 181
48 182
119 295
120 128
46 257
29 49
41 148
265 287
261 237
150 121
242 225
221 42
167 241
3 164
107 298
143 149
147 283
232 9
88 174
280 228
296 127
112 275
148 101
184 49
200 31
267 231
244 77
70 107
293 48
294 11
261 284
106 176
119 19
296 10
102 132
132 181
278 0
195 90
101 248
12 271
150 145
281 139
263 0
88 112
259 64
135 274
46 286
83 105
268 207
297 62
52 0
203 131
190 6
42 51
65 74
260 71
6 170
74 130
34 270
152 108
181 265
120 185
215 276
59 168
210 211
9 16
109 176
277 187
82 116
216 268
265 67
269 262
125 80
262 138
72 265
276 17
26 204
55 10
36 272
296 136
55 40
298 79
55 24
165 113
72 86
206 182
159 33
202 37
229 82
219 296
8 155
122 44
92 291
76 123
202 206
113 236
20 3
114 161
291 11
289 218
267 208
101 19
29 215
289 241
128 85
40 95
64 97
135 65
248 44
289 66
111 202
139 79
13 298
39 131
127 172
291 46
133 101
180 30
155 243
23 252
173 259
214 75
209 216
49 194
266 182
60 31
231 128
222 232
237 93
58 288
216 51
18 193
26 69
79 180
192 38
91 256
85 294
143 168
133 24
59 68
186 240
140 202
205 174
281 210
186 18
240 267
297 102
87 80
149 171
182 32
166 281
299 109
291 186
146 130
69 215
293 236
56 79
150 108
220 108
67 22
122 2
172 91
67 286
273 299
12 287
33 2
205 153
113 240
197 291
2 215
35 157
146 149
20 49
224 132
294 261
53 115
183 182
34 219
153 253
180 243
295 0
263 150
153 88
84 283
76 141
60 191
214 187
100 83
209 65
178 6
93 208
203 235
277 200
204 63
242 167
257 24
217 181
74 298
155 111
198 233
109 190
252 102
160 201
271 119
191 143
103 225
23 296
181 249
97 148
175 31
16 99
265 34
209 170
166 299
209 41
262 216
65 200
55 287
243 7
204 262
257 90
291 187
239 151
9 23
160 190
128 11
137 197
197 177
104 9
194 63
250 68
31 32
13 265
199 70
73 37
92 235
33 253
8 34
162 273
140 243
269 190
290 227
108 204
123 262
22 165
98 175
131 209
145 140
156 78
272 203
10 225
298 168
109 188
117 223
183 141
251 23
191 265
1 76
65 207
147 67
96 165
124 212
116 134
120 138
109 228
116 209
192 89
250 20
207 185
10 237
167 32
257 182
258 295
132 9
250 261
87 269
164 253
288 241
204 22
103 196
22 150
251 227
215 57
56 222
45 91
100 259
145 194
179 266
169 54
164 290
88 106
71 36
176 217
163 248
241 201
219 115
93 186
144 18
224 158
53 14
277 30
153 245
171 129
157 299
282 207
250 49
200 22
234 65
49 81
197 82
198 285
88 177
129 215
11 266
140 104
78 61
78 89
152 57
138 101
6 210
195 243
266 126
39 231
219 165
39 190
299 28
298 46
134 240
101 82
293 24
174 162
178 88
95 62
112 200
205 138
177 134
38 230
256 95
80 15
48 109
38 85
82 237
153 110
292 162
24 249
244 238
112 68
279 88
110 169
153 237
22 68
205 22
163 48
261 160
33 288
233 103
63 18
166 27
298 275
118 128
90 172
272 231
155 42
126 45
188 163
70 106
41 64
140 129
32 82
223 115
109 198
252 11
156 201
2 260
137 165
47 204
12 274
280 118
67 7
68 98
35 206
21 50
248 137
83 98
112 292
14 22
206 236
40 120
170 47
170 21
297 22
248 123
11 107
268 125
254 120
159 48
40 115
254 242
174 189
46 141
269 35
244 83
134 126
225 251
252 196
165 76
196 62
14 298
66 267
48 19
29 229
208 236
73 1
206 21
257 152
157 97
284 201
247 207
184 192
272 40
212 77
24 247
33 230
259 109
173 247
18 203
279 222
140 173
178 60
152 208
290 50
215 134
130 105
102 172
169 42
226 247
286 18
278 293
101 65
32 239
6 126
216 47
76 81
299 148
205 283
259 194
165 161
237 48
26 248
154 35
55 244
0 96
75 32
29 296
265 119
64 24
232 197
240 47
48 142
105 97
165 59
33 296
189 32
121 135
196 87
269 154
172 293
8 214
194 1
191 130
23 219
250 187
160 119
165 13
294 183
85 180
142 211
208 132
18 133
163 105
279 101
52 271
183 148
75 104
146 123
37 166
287 163
155 200
249 27
3 160
13 30
208 39
217 140
138 286
286 105
66 126
9 200
86 71
185 212
71 209
233 18
119 97
199 76
28 106
166 6
34 223
167 234
240 187
273 228
230 268
65 246
218 276
154 88
246 103
115 220
207 262
76 51
157 284
254 136
78 20
208 128
4 216
108 85
262 284
211 116
96 214
157 142
248 207
50 243
139 83
124 107
60 115
290 46
221 7
166 54
253 45
298 72
70 293
135 12
9 177
257 224
96 47
107 170
74 72
295 78
16 1
117 102
155 17
62 90
21 248
30 230
281 256
9 296
139 165
70 32
13 134
119 231
153 240
238 85
275 169
29 152
106 203
12 150
198 279
73 167
85 52
69 232
132 139
23 107
43 29
171 107
97 280
25 85
66 163
197 66
207 257
278 221
208 41
75 295
110 108
65 170
118 91
123 277
89 164
212 299
18 114
79 106
184 87
238 226
178 224
241 229
220 116
290 239
112 226
152 199
6 147
73 140
252 71
43 197
127 212
118 233
274 211
3 142
226 149
216 68
283 180
185 178
49 283
294 255
246 130
198 167
66 199
255 132
148 175
81 28
84 99
187 184
240 72
292 276
269 287
30 49
171 29
204 163
32 244
198 103
227 148
154 85
30 45
108 125
32 144
298 102
0 95
175 275
23 205
254 286
82 11
169 28
2 135
262 253
38 183
277 7
81 150
12 273
287 63
213 196
217 156
54 269
100 72
232 156
152 135
170 148
143 221
171 255
11 297
71 142
110 246
80 108
50 167
282 201
145 245
52 265
259 221
221 8
258 296
41 61
134 105
22 238
165 150
13 206
192 223
55 252
292 218
101 187
122 48
141 160
75 284
69 171
10 144
242 267
45 132
286 31
243 203
242 206
92 106
174 85
24 225
80 53
249 204
242 172
247 270
209 137
90 48
192 289
5 48
36 38
168 162
142 55
245 184
201 288
87 84
208 141
17 86
197 39
167 148
110 257
289 207
262 235
142 272
206 106
184 137
36 293
294 97
191 13
267 178
140 291
224 76
270 81
74 98
133 237
83 262
274 196
199 248
179 92
35 124
99 95
119 165
65 148
198 27
288 156
189 258
163 113
224 130
232 277
62 130
27 218
236 299
85 31
78 293
262 98
241 6
169 118
218 15
258 43
244 218
136 156
129 228
292 242
141 267
234 39
27 187
297 231
222 5
36 256
214 168
13 212
186 137
213 265
258 174
244 280
96 267
193 235
169 97
274 236
10 72
103 289
121 298
39 244
181 202
207 198
51 129
71 13
200 275
49 245
288 22
216 142
216 11
252 214
53 167
52 5
98 258
284 202
0 282
222 53
185 5
218 39
109 29
287 99
69 281
150 181
235 136
12 65
25 293
128 266
52 65
191 3
129 145
196 219
182 111
83 39
238 198
76 233
80 20
189 106
255 158
3 225
184 17
240 86
22 154
114 266
179 44
144 11
196 178
245 241
275 27
189 168
179 93
230 75
192 132
23 230
67 141
173 128
256 41
28 1
109 271
47 271
170 103
285 245
183 115
233 173
151 32
269 214
123 268
264 218
158 193
27 168
82 184
28 196
98 114
251 107
262 97
205 240
31 246
158 161
114 237
219 205
59 154
281 179
45 42
262 159
51 204
189 143
106 123
239 41
195 200
280 88
157 267
68 182
213 78
223 49
170 99
193 68
187 192
178 148
79 194
212 78
161 198
111 161
17 140
268 148
178 34
253 239
273 44
142 289
74 126
66 79
283 47
291 155
50 56
227 182
270 126
88 89
208 20
13 214
250 232
7 40
211 298
103 6
299 128
138 277
103 193
254 198
27 131
137 94
170 291
74 1
143 65
224 173
7 85
196 140
191 16
216 119
249 298
139 53
137 236
204 66
147 111
209 162
176 241
47 178
266 13
229 65
268 215
274 108
281 67
262 291
245 178
93 281
297 266
90 167
139 188
181 66
265 128
74 221
246 271
201 8
179 7
172 167
75 298
116 61
207 233
4 84
151 270
127 28
42 6
297 29
74 269
212 275
93 264
75 255
196 141
240 60
106 57
108 201
225 82
36 132
225 118
23 136
51 166
91 182
15 4
125 26
2 129
249 272
220 123
283 104
67 117
154 203
267 197
40 22
235 233
116 114
185 291
66 27
254 183
260 110
172 65
251 221
253 251
171 130
229 237
3 4
135 283
226 263
293 174
70 208
124 96
6 279
169 167
250 170
287 73
199 162
180 60
57 75
252 191
15 62
233 146
199 124
170 271
215 278
20 17
81 162
163 235
40 190
80 58
67 43
209 276
157 207
200 158
28 260
105 68
284 21
239 233
28 293
83 73
250 3
58 64
41 46
294 102
173 265
43 101
1 83
281 152
63 274
289 65
141 239
14 143
48 190
56 52
107 80
285 160
231 268
132 253
184 140
157 37
250 87
209 88
199 176
5 184
88 239
73 229
130 257
7 13
157 19
197 26
8 228
85 264
87 127
21 87
248 94
295 292
176 100
212 58
149 24
132 40
170 3
170 237
121 14
90 246
173 144
137 38
244 20
207 155
0 75
100 279
72 59
119 88
60 83
271 71
114 19
66 188
144 28
107 16
238 146
262 50
200 189
16 97
268 242
7 3
142 35
40 39
44 289
65 8
95 189
79 105
11 118
255 34
205 166
122 0
173 249
186 113
71 84
197 120
199 86
154 219
202 64
210 288
71 12
149 17
260 30
54 149
16 30
34 151
175 145
73 82
38 53
26 8
78 158
126 188
263 92
270 219
113 107
24 53
3 214
201 187
169 38
182 267
159 266
128 54
296 196
117 29
30 163
145 203
192 0
7 181
40 141
200 168
187 212
6 15
109 187
160 207
22 161
299 71
32 101
104 67
57 65
262 140
251 265
33 26
280 149
289 156
1 75
119 24
189 134
89 173
142 241
24 184
123 4
95 67
211 167
253 122
170 59
219 14
13 55
28 156
235 82
229 288
84 24
200 172
142 158
236 176
115 94
141 127
231 290
128 262
259 230
103 136
68 292
54 259
212 207
146 152
71 89
46 259
60 27
268 182
182 164
103 283
194 19
27 115
41 242
271 16
152 259
154 191
138 49
253 142
57 93
238 250
23 176
119 268
134 233
40 36
252 299
147 199
228 178
237 231
194 99
37 158
42 298
120 205
113 217
58 139
221 10
265 205
251 256
185 252
66 25
38 193
181 103
181 11
45 142
96 135
269 11
279 120
298 201
122 72
142 285
214 154
108 176
154 115
178 111
204 85
40 179
214 62
227 4
256 83
165 209
211 168
127 129
253 11
296 267
247 218
204 39
284 45
31 127
219 46
194 243
159 114
250 252
279 86
4 114
61 42
162 228
22 272
290 178
107 155
107 230
219 220
155 2
92 214
117 109
290 73
75 85
15 57
0 262
273 96
116 5
33 98
233 294
188 258
253 288
288 99
143 238
25 133
133 75
178 17
176 26
55 69
37 72
187 131
219 116
220 223
10 33
23 237
145 117
122 136
75 174
46 173
201 78
79 174
197 247
109 141
147 167
128 160
288 129
74 211
236 72
195 1
208 113
140 197
153 169
288 74
282 229
212 209
19 12
190 159
19 57
164 285
10 121
30 210
259 76
199 55
121 8
282 277
298 100
63 121
81 89
0 265
1 122
269 106
139 124
269 22
279 124
181 209
35 276
296 207
177 261
146 200
299 2
114 279
197 233
179 57
249 112
61 121
281 280
297 41
275 238
194 15
200 42
295 237
194 67
186 271
167 205
52 240
142 97
13 299
34 97
56 43
106 278
156 6
130 258
143 256
143 38
24 81
277 202
160 184
248 49
126 218
202 232
16 183
245 88
85 142
290 264
254 111
167 133
187 182
28 69
4 131
119 62
50 187
254 188
232 298
197 246
105 1
104 222
284 215
12 264
289 177
287 183
147 27
206 29
140 83
121 45
222 48
213 222
233 110
251 182
278 183
212 173
91 109
247 83
279 87
205 169
206 15
212 260
67 187
206 165
46 130
196 106
129 253
233 241
37 153
148 215
298 1
107 92
9 51
45 20
283 86
271 149
271 155
166 157
297 74
20 176
180 15
159 244
243 4
274 185
133 225
232 22
84 117
148 282
266 117
173 153
147 184
223 152
113 212
137 113
174 188
151 114
290 134
115 87
62 30
33 224
65 125
24 143
157 279
110 120
118 121
255 150
138 233
200 206
208 98
235 40
207 66
52 259
296 45
196 13
121 211
146 81
112 132
97 241
89 289
215 107
114 69
90 281
127 62
177 148
160 47
185 97
43 293
175 232
203 25
242 47
120 127
38 299
146 162
29 6
282 137
65 218
230 135
296 99
8 120
0 99
80 79
149 150
130 266
281 112
53 105
202 36
107 35
89 256
260 175
283 297
0 25
282 7
170 252
141 263
284 47
272 31
176 208
176 297
216 107
281 120
182 141
49 130
182 136
150 107
184 59
128 176
263 138
68 139
125 58
94 288
184 188
224 219
91 71
274 29
188 114
148 7
191 99
299 173
85 295
85 160
163 172
89 3
49 144
92 149
293 223
18 54
295 206
248 87
77 236
117 49
229 299
254 285
255 31
132 262
153 255
26 246
169 6
172 35
26 120
8 63
190 169
201 127
145 21
188 88
192 102
207 101
33 266
269 41
45 292
7 186
151 174
168 87
83 59
227 175
236 219
290 86
232 279
203 183
157 32
130 245
53 59
208 273
285 209
186 10
58 112
21 61
159 34
111 66
97 267
121 138
179 299
96 184
128 84
27 64
9 52
260 194
117 261
114 220
129 24
210 121
278 220
142 89
248 201
104 293
178 58
7 245
147 277
207 124
201 89
214 298
241 246
20 97
111 259
156 96
213 86
204 268
54 244
19 208
18 299
208 46
160 166
250 99
193 80
202 221
122 208
267 232
77 234
69 149
40 100
156 81
41 188
267 29
55 129
129 165
93 256
158 235
57 242
214 221
295 271
28 274
108 267
8 122
23 15
1 56
164 297
22 104
173 59
112 168
184 235
284 35
104 65
237 189
182 259
170 177
190 277
131 182
159 182
92 51
133 105
228 82
275 174
289 116
205 195
30 59
16 229
41 117
94 92
97 59
136 77
172 121
49 97
244 263
58 16
165 125
185 232
19 122
234 59
286 176
20 218
8 133
236 40
236 21
297 3
248 133
150 267
10 115
283 253
140 277
160 257
146 277
139 85
95 194
44 133
246 200
252 187
72 102
182 249
195 186
282 147
5 295
203 77
180 213
133 261
99 38
275 66
196 269
260 112
104 286
25 101
167 279
131 67
44 18
141 218
144 197
241 99
45 78
216 104
255 147
6 37
181 278
62 183
152 7
186 135
54 295
203 7
30 41
234 174
264 284
289 174
72 181
170 32
93 254
177 256
44 189
277 173
292 172
86 18
258 3
191 124
98 174
217 231
125 166
182 7
126 75
87 233
199 222
235 100
114 138
1 92
166 172
139 186
70 121
152 5
189 151
288 91
203 74
76 103
279 110
295 166
206 134
76 124
194 275
160 244
10 276
115 142
275 126
33 155
269 157
254 151
131 43
86 99
99 34
287 19
175 277
130 32
298 151
85 54
14 142
214 143
241 182
195 13
191 17
14 81
130 44
38 14
266 17
196 138
110 60
193 104
91 47
248 68
193 132
264 34
182 163
224 141
191 12
77 147
68 32
235 189
30 296
136 98
197 25
173 283
195 168
6 20
260 157
18 85
262 214
2 70
260 139
155 149
78 199
250 81
77 104
85 285
158 179
270 8
94 54
132 173
147 114
100 138
258 28
7 115
209 282
137 166
248 185
78 85
262 73
43 261
31 78
124 83
124 278
183 77
112 231
171 226
84 136
111 199
14 282
158 22
235 24
291 175
21 258
8 44
133 220
22 213
9 19
226 110
119 78
171 188
212 128
21 265
255 182
20 138
248 43
169 266
126 99
110 194
220 287
171 96
66 247
111 206
33 200
58 103
73 241
241 13
64 92
134 281
138 47
259 82
178 12
171 268
232 33
112 184
164 113
83 5
139 261
144 106
43 196
209 143
166 176
13 38
66 294
65 236
35 53
124 163
200 276
214 127
125 156
81 253
126 39
160 58
37 293
124 122
26 15
27 100
115 246
157 151
252 108
295 63
113 211
70 202
221 152
140 289
155 116
128 66
255 273
293 93
178 71
264 24
230 171
229 296
122 258
155 86
254 70
61 246
129 221
224 146
197 12
59 87
7 146
204 126
256 146
63 238
34 161
230 39
291 25
21 85
267 83
16 54
183 274
90 156
46 266
198 124
168 86
74 51
194 152
268 65
126 97
172 135
193 127
196 40
166 98
225 176
178 293
116 243
196 202
171 286
257 70
25 296
170 274
181 37
19 210
280 106
140 116
46 139
42 72
116 14
149 243
41 87
63 185
182 204
44 65
130 163
8 245
258 64
114 270
276 81
251 55
246 232
156 152
9 112
131 164
112 120
285 216
162 153
136 83
252 90
248 269
225 102
293 95
117 283
5 156
27 176
87 74
6 235
297 123
30 283
48 200
267 54
279 56
233 145
173 12
244 239
286 208
116 169
39 41
174 192
158 190
270 282
221 15
226 218
298 245
95 197
19 11
258 180
275 106
127 8
167 268
32 270
82 93
160 189
124 168
4 36
235 148
51 161
120 204
19 118
36 143
254 230
91 284
5 164
246 120
21 182
43 13
24 67
298 263
218 108
228 52
0 125
250 175
212 206
36 153
180 208
178 28
273 15
213 248
194 23
32 226
282 66
288 166
81 289
77 35
162 119
260 242
80 129
167 215
171 211
199 186
198 53
112 284
223 97
179 175
243 290
263 203
61 171
238 233
242 216
168 294
256 207
145 0
41 129
86 274
267 192
254 150
292 54
3 66
153 254
122 31
63 146
131 1
222 16
228 22
64 151
7 52
235 36
225 296
79 88
76 225
114 217
52 182
213 144
292 285
249 154
235 118
111 61
207 190
168 93
106 244
9 102
294 194
66 279
289 231
46 179
73 68
268 269
95 76
173 158
99 144
168 185
180 136
289 180
159 271
199 74
234 185
212 280
254 32
120 243
210 163
82 120
145 120
142 128
3 35
149 169
296 176
48 210
75 195
147 270
274 13
177 71
94 247
49 129
165 278
11 75
259 60
235 32
279 298
245 195
282 219
30 272
44 154
237 173
73 271
241 299
289 131
283 216
111 26
61 232
160 154
204 276
180 272
191 158
16 214
17 83
122 155
260 169
141 209
254 226
24 152
290 27
44 104
86 292
91 150
288 80
66 201
97 224
198 192
92 275
139 203
128 289
5 88
147 34
284 127
155 295
5 284
75 122
130 273
243 245
261 91
211 3
274 283
254 68
7 123
240 297
42 119
141 204
203 89
99 94
167 229
298 227
6 195
134 201
175 231
129 32
176 9
205 75
80 82
232 112
12 237
74 40
262 23
104 213
88 269
36 284
215 205
25 228
141 257
230 68
166 213
166 90
210 73
54 272
288 102
68 128
152 21
29 121
151 173
290 205
266 57
194 246
169 174
256 24
199 226
8 0
111 40
66 245
57 220
203 215
9 225
208 168
205 229
292 95
3 220
53 212
179 34
33 207
291 113
216 245
95 207
208 84
238 157
91 111
152 69
229 104
176 232
249 88
282 41
13 102
88 85
153 128
276 18
82 293
164 56
165 237
102 56
280 131
186 214
56 100
149 278
139 40
113 136
236 267
216 101
179 71
218 259
215 156
175 11
99 12
64 281
50 213
115 43
216 267
284 12
272 5
14 159
142 16
72 82
25 152
284 81
200 95
182 248
242 1
264 272
32 110
97 171
269 249
184 38
90 216
279 223
77 48
118 287
72 204
48 267
198 232
286 109
245 148
163 19
56 110
160 81
250 143
201 190
280 141
29 150
204 215
267 175
54 19
72 239
268 136
166 130
262 277
128 250
262 4
219 16
148 29
250 149
72 223
76 271
130 110
22 79
24 188
203 11
42 99
275 17
121 88
227 140
6 151
167 213
233 128
186 149
233 212
109 150
262 245
179 90
162 65
260 60
117 172
160 71
200 174
190 262
144 107
164 258
67 35
25 225
0 264
151 160
45 247
185 4
115 213
253 90
6 184
81 43
241 116
255 70
173 245
4 87
0 106
76 208
149 113
56 224
187 258
94 178
123 96
83 4
26 35
165 117
274 299
202 19
266 22
244 253
38 210
99 254
200 153
181 219
183 122
249 192
94 95
204 146
29 290
117 193
110 222
153 46
164 47
260 216
251 268
171 275
70 183
58 222
29 247
34 157
15 258
116 188
32 279
164 82
299 101
232 53
160 174
47 124
57 161
101 27
226 241
145 209
207 246
164 295
65 287
82 17
22 66
224 187
195 41
207 184
263 51
288 79
47 19
292 31
84 141
293 134
169 115
160 275
244 8
168 75
280 289
158 91
113 23
50 250
17 130
136 13
279 143
276 167
182 223
115 95
256 107
119 79
203 112
140 55
62 40
32 19
149 195
18 61
218 164
91 259
288 105
161 235
70 123
270 91
187 253
224 41
69 242
195 294
58 198
99 163
227 149
23 99
132 167
130 210
159 150
169 288
115 119
286 87
222 186
72 191
201 249
266 225
239 243
121 280
156 151
217 129
106 298
220 263
27 36
132 213
177 109
255 228
36 287
159 69
214 36
43 60
86 46
172 18
151 181
6 212
270 78
197 202
186 280
109 287
243 275
199 22
70 164
199 290
46 38
81 124
206 234
222 283
162 134
123 285
242 180
20 94
242 235
297 220
255 98
7 25
294 144
244 214
225 138
280 162
67 296
81 50
75 171
159 214
253 13
20 185
159 46
159 225
249 209
38 43
245 64
267 219
14 145
201 0
22 38
150 209
240 159
73 35
163 285
276 126
85 90
102 267
268 282
113 0
298 219
187 35
70 142
180 162
292 41
230 186
207 58
259 56
84 228
241 137
281 277
128 86
68 144
152 209
102 96
108 277
78 281
48 262
13 150
248 190
14 56
124 94
42 268
85 134
53 272
109 224
132 290
49 209
21 257
157 254
89 160
167 235
95 167
252 43
122 150
144 157
21 48
230 243
155 286
81 57
169 16
105 179
154 28
15 101
3 77
22 256
290 147
32 294
21 173
56 85
215 104
48 78
110 273
125 263
76 98
264 5
12 145
235 8
238 234
224 77
156 75
276 0
289 63
34 258
291 35
82 7
233 186
105 23
219 169
221 109
143 136
138 44
169 270
85 84
181 215
87 69
28 48
147 185
74 118
119 14
292 189
2 45
30 237
148 100
217 38
222 257
69 172
280 80
202 109
271 162
81 63
166 203
190 293
263 113
270 137
237 57
160 229
115 105
218 79
64 247
21 158
270 271
289 243
215 157
229 118
263 99
270 150
18 93
87 107
142 107
88 104
117 25
73 71
34 96
201 196
45 167
31 149
99 142
238 291
116 182
262 225
238 100
102 95
7 37
264 43
128 75
40 14
297 1
33 39
284 218
182 92
184 9
182 156
18 212
6 78
140 69
21 33
181 180
79 77
16 225
72 197
198 72
49 5
14 32
10 111
77 122
194 125
185 123
115 111
243 141
9 54
149 42
107 158
112 119
185 224
52 44
91 15
44 256
174 35
129 208
84 270
85 209
63 165
66 72
253 93
61 196
115 248
193 143
77 230
53 241
8 170
25 243
81 231
109 189
68 4
261 132
172 118
108 100
52 50
159 224
269 291
202 103
135 44
145 243
0 117
197 62
9 275
83 97
199 4
107 25
121 219
288 73
298 150
159 49
284 285
147 191
31 147
104 85
298 39
271 283
166 209
277 6
105 186
268 120
253 138
34 119
123 145
161 297
38 97
89 238
283 48
262 227
161 249
221 179
73 233
273 258
279 280
185 51
234 191
179 259
4 145
187 153
23 266
276 15
142 72
170 171
26 209
21 38
110 20
26 18
195 228
19 83
80 41
290 15
162 126
46 32
147 179
12 159
284 48
192 9
5 278
20 37
66 49
277 161
155 238
130 106
133 201
113 265
29 234
245 102
77 242
247 81
287 218
138 146
51 93
86 216
80 140
205 151
31 274
177 118
252 38
123 157
104 119
46 297
16 213
47 247
241 2
76 170
235 216
63 26
168 110
265 63
84 0
125 15
249 143
277 279
218 26
192 232
185 286
64 140
127 180
141 59
21 267
266 77
131 288
157 244
187 281
237 180
70 48
258 14
232 98
71 136
33 24
193 281
47 198
85 166
238 139
180 16
210 161
186 72
19 51
276 63
293 23
87 66
91 251
113 133
211 100
122 96
97 96
280 264
299 60
47 76
236 33
201 186
65 256
151 12
179 216
198 41
55 83
156 27
155 117
45 217
19 299
186 99
16 239
116 147
283 199
73 24
217 120
114 50
236 150
263 258
41 241
252 161
98 34
125 89
138 246
238 261
37 16
149 283
150 246
156 225
6 99
73 127
63 90
79 283
95 93
0 235
107 119
218 181
91 51
249 205
289 296
258 95
192 45
5 131
48 165
74 251
115 139
94 226
80 76
180 211
136 31
182 281
171 8
89 80
35 46
182 288
48 74
217 205
114 27
136 69
58 163
16 3
272 211
104 160
170 38
96 257
165 60
176 192
252 231
181 206
208 215
175 270
142 83
189 63
64 46
294 295
47 295
13 138
209 231
16 78
262 102
76 45
202 172
165 27
73 285
233 170
170 194
41 257
31 114
7 133
262 67
63 171
31 234
59 29
299 153
134 299
142 191
45 36
7 228
183 263
220 259
180 65
234 148
104 157
94 81
192 104
276 117
218 272
272 27
41 169
236 171
87 288
137 232
244 164
199 141
76 77
78 46
186 179
295 192
201 99
273 53
145 230
93 288
151 179
249 159
245 193
98 180
141 66
50 3
160 218
173 66
32 12
214 205
255 59
93 296
262 213
58 286
252 239
156 237
65 252
92 114
40 203
141 167
46 221
122 34
244 68
118 222
249 75
204 136
32 273
40 239
165 202
63 255
136 155
181 127
294 133
191 15
2 223
96 227
156 39
127 78
215 287
228 50
91 22
162 208
30 258
191 247
50 87
162 53
286 248
125 195
119 266
48 269
271 96
129 30
109 253
274 126
83 191
112 169
160 276
94 38
257 251
119 239
232 43
86 228
22 0
133 159
114 109
160 270
192 213
141 194
232 84
263 117
158 60
107 122
6 87
206 286
225 60
147 228
249 266
83 227
149 236
229 10
188 35
218 59
211 65
67 97
238 36
114 240
145 2
51 158
235 43
183 3
152 11
281 195
10 4
258 91
58 91
10 189
286 142
263 132
223 280
24 132
100 77
237 174
170 178
262 57
47 39
54 153
205 292
106 52
216 78
93 99
90 164
207 141
47 40
176 2
61 273
174 56
195 236
249 281
280 76
110 221
206 218
248 41
247 193
50 189
237 36
211 243
9 32
21 112
24 237
121 56
187 73
204 59
204 21
158 178
207 11
282 60
280 203
242 200
102 202
52 232
170 4
88 123
127 80
175 274
188 269
80 185
214 296
140 224
139 185
246 149
258 257
157 239
60 187
146 288
71 27
233 296
264 83
65 54
111 277
9 135
240 135
143 123
228 90
146 98
244 266
15 54
219 79
291 289
265 277
145 171
51 69
263 120
21 211
196 69
166 241
142 217
27 181
55 259
55 96
117 80
215 47
177 211
243 80
231 172
133 63
19 120
197 283
183 129
199 276
98 49
224 27
272 284
67 114
53 142
118 208
126 71
112 126
178 279
263 9
209 201
264 7
241 238
234 235
30 179
213 90
164 115
242 75
2 252
64 180
1 118
100 142
188 153
184 64
124 63
295 108
174 120
207 142
87 155
286 188
27 200
112 149
34 162
262 149
45 106
129 207
128 198
288 290
50 22
125 255
137 175
226 5
7 104
257 277
6 137
143 202
254 20
262 250
250 159
177 156
19 191
79 8
157 164
103 97
141 18
62 186
214 97
202 55
254 293
47 256
147 296
170 223
51 160
299 14
187 211
188 106
244 149
27 117
119 139
5 237
159 283
10 293
56 291
271 57
238 286
256 4
138 296
282 200
281 55
281 142
5 207
269 180
95 175
9 213
271 144
249 74
222 23
77 75
78 196
236 282
183 178
103 55
270 189
272 134
258 191
164 101
259 253
123 32
213 183
235 176
213 129
203 19
106 60
45 288
242 15
45 85
3 52
193 141
122 46
149 7
27 24
298 38
27 182
116 210
53 16
252 165
94 43
75 38
0 272
296 187
140 88
295 283
215 25
24 124
10 284
54 208
256 26
198 179
250 295
57 4
18 245
204 82
136 89
44 139
138 24
174 240
84 46
220 160
170 67
117 123
216 276
208 240
43 296
145 261
103 294
90 47
226 31
162 91
293 294
201 115
54 105
2 203
162 171
205 33
129 64
231 56
62 259
224 114
89 4
229 242
230 131
46 102
253 197
95 260
130 134
28 7
281 42
259 48
146 21
230 137
106 8
173 29
226 25
16 125
242 183
195 232
9 10
279 242
192 215
135 74
129 230
214 55
21 134
146 198
262 211
246 141
30 266
67 258
38 129
150 185
15 195
29 231
276 182
141 5
2 107
90 276
40 183
75 110
138 280
117 142
146 17
156 184
149 118
112 108
274 4
207 39
92 77
175 100
47 149
291 116
58 247
290 279
164 293
30 228
209 24
193 274
112 103
251 132
27 192
168 263
242 34
80 103
294 199
72 246
207 267
51 194
199 93
132 12
250 281
195 100
187 256
293 136
129 86
287 249
244 246
47 238
191 241
240 82
70 182
36 87
34 247
199 281
243 108
134 16
242 58
31 75
214 148
172 131
269 210
288 113
177 44
131 176
178 129
280 65
94 85
5 66
259 28
105 113
100 286
96 230
93 145
36 166
78 9
250 157
168 265
104 233
22 95
172 169
33 202
27 206
58 157
297 101
139 279
118 61
187 34
126 156
297 63
271 38
284 196
296 164
274 230
76 229
99 146
239 168
234 116
165 143
78 161
131 52
94 176
79 167
21 130
214 95
113 162
262 236
150 208
179 191
139 143
70 219
140 45
285 279
15 75
130 215
36 292
265 3
134 103
149 245
28 257
285 46
233 27
199 289
43 66
278 143
29 169
133 271
132 271
175 41
193 87
128 47
176 69
17 252
172 41
278 297
239 75
226 188
239 264
130 296
79 17
100 191
185 184
78 207
180 274
195 290
54 206
111 60
82 137
244 18
239 110
282 47
40 289
259 245
174 187
169 207
198 204
47 82
182 20
58 173
1 70
123 169
149 108
293 243
211 206
257 115
252 63
134 142
41 126
145 38
6 200
284 165
298 203
58 114
264 100
111 28
283 56
237 142
168 78
118 66
86 138
96 27
19 110
96 277
151 5
56 66
104 225
244 95
169 48
256 246
41 68
267 27
294 245
253 235
13 199
286 226
49 272
161 206
78 202
284 164
12 285
179 160
211 108
35 180
91 244
146 245
61 145
12 219
38 37
156 149
295 2
278 299
118 126
127 208
181 266
239 220
241 206
165 157
27 158
191 80
163 142
289 67
162 41
135 256
207 222
275 239
38 262
13 61
174 103
160 62
84 67
198 0
227 69
295 118
150 16
276 217
245 131
146 240
182 158
84 28
132 248
141 249
178 199
19 282
9 130
169 56
242 118
106 81
64 149
90 220
291 204
221 5
268 259
72 172
284 85
269 94
25 271
208 163
4 94
184 195
212 248
19 89
156 25
289 255
282 100
242 108
49 165
86 170
276 137
158 174
298 220
138 16
159 279
64 237
275 218
54 23
100 162
46 258
244 59
29 299
258 66
88 63
150 234
269 259
26 94
200 285
17 127
95 264
16 242
64 44
265 149
269 90
235 284
104 11
132 259
77 96
92 54
86 15
174 1
12 130
4 164
156 12
225 94
239 180
206 221
255 23
44 3
75 135
11 280
217 267
62 184
140 260
72 168
20 71
107 162
60 148
57 173
222 191
232 196
15 51
179 25
70 239
286 83
152 278
298 257
76 25
241 219
75 152
271 231
47 5
230 9
130 79
144 34
237 216
123 53
77 278
42 74
97 85
57 200
79 144
267 14
99 85
41 212
10 193
105 154
218 89
34 274
63 166
260 193
112 92
66 164
250 21
193 159
157 152
149 140
265 121
187 47
164 196
94 163
298 120
159 9
55 74
126 167
55 72
222 1
197 241
73 192
122 7
244 7
59 230
281 81
259 285
159 110
48 241
182 123
48 1
212 200
170 33
228 113
122 158
72 250
77 89
76 254
226 225
3 253
237 299
37 84
27 210
266 164
1 102
148 211
227 44
176 113
214 133
230 3
171 296
127 63
208 10
47 140
212 88
294 164
5 29
137 196
124 211
202 203
0 256
30 215
199 251
44 41
60 68
42 255
134 145
292 43
203 58
112 264
268 62
94 272
293 160
42 124
88 15
235 173
77 14
234 69
65 140
158 69
69 202
141 136
209 140
127 92
159 289
16 185
227 113
257 210
7 235
50 125
279 116
166 14
100 280
19 227
236 161
103 132
294 2
266 263
210 235
253 248
130 51
56 35
73 25
253 56
205 63
286 30
170 106
133 207
108 127
264 105
273 212
51 280
84 280
31 261
154 262
40 140
215 241
147 57
11 146
173 264
53 161
203 269
257 267
295 41
188 277
190 73
62 16
143 121
50 63
234 177
156 56
63 39
200 133
100 134
115 143
13 135
49 231
41 264
150 239
130 95
142 203
241 152
116 190
271 195
298 114
121 52
255 93
20 215
108 163
125 138
46 113
148 114
208 64
193 237
243 12
8 35
12 280
6 11
73 171
51 104
68 30
171 157
280 219
177 224
184 10
202 280
260 143
145 111
50 96
89 123
244 245
89 56
255 221
246 14
125 206
289 282
171 91
70 23
54 88
17 288
40 243
186 71
88 27
159 15
229 261
3 159
284 224
213 114
217 63
144 126
296 271
249 275
54 278
203 85
228 299
233 267
231 14
23 287
230 288
185 61
95 133
169 280
12 279
244 14
45 37
252 127
221 123
115 49
94 273
226 273
262 179
212 292
193 48
287 143
237 270
249 132
61 10
13 0
260 281
54 193
86 255
201 25
193 246
163 238
162 31
291 222
244 17
80 146
197 142
257 112
257 2
187 204
144 123
220 45
160 106
56 26
120 163
207 45
85 127
108 151
299 285
116 46
230 286
182 179
65 147
160 155
10 117
11 243
249 70
228 186
298 199
259 116
87 18
96 248
26 177
104 120
112 265
11 85
31 179
197 60
105 170
64 3
169 290
160 130
183 92
150 268
112 131
65 193
254 161
226 3
254 179
30 51
107 1
115 167
149 184
170 255
185 24
257 146
88 1
145 101
209 164
58 24
254 269
141 85
39 34
296 145
4 74
103 248
178 82
287 270
34 22
180 133
74 53
261 220
265 235
239 294
23 199
291 158
48 238
131 102
180 146
288 126
235 130
63 71
259 293
4 55
206 208
167 218
142 92
173 104
280 266
213 58
14 251
131 64
265 282
108 254
175 118
96 145
295 137
45 7
268 82
77 145
37 272
260 181
15 245
71 66
7 220
79 31
233 192
279 247
121 21
276 5
39 158
177 175
265 268
161 166
125 128
107 84
269 244
3 112
92 169
219 160
11 84
174 39
147 137
121 276
194 283
258 20
245 132
68 10
294 203
66 127
267 272
249 285
259 66
243 27
116 112
140 130
112 155
185 167
158 100
19 69
64 87
34 125
149 215
23 47
172 136
33 30
54 120
142 167
222 240
181 227
248 141
289 151
18 162
177 218
269 252
101 75
45 41
42 97
290 72
168 169
11 1
199 174
26 155
48 251
102 180
214 275
260 1
243 227
272 292
279 98
290 58
161 288
104 188
293 88
34 167
87 137
256 138
217 239
7 9
214 226
267 177
31 27
122 42
145 260
228 181
52 69
272 14
78 204
111 229
262 89
198 100
39 154
289 95
206 296
22 102
272 140
199 79
140 223
72 154
227 171
16 173
176 160
151 19
263 247
267 188
65 230
293 212
82 74
261 88
283 221
18 213
44 134
192 200
280 297
98 95
92 137
284 129
146 254
123 142
241 248
262 205
25 14
41 32
4 289
43 133
26 121
52 47
128 242
210 164
40 17
276 42
7 231
25 217
14 240
123 58
138 135
271 94
232 82
38 109
36 133
171 128
295 287
8 80
270 220
131 293
164 180
80 275
194 176
246 93
122 192
256 170
121 117
79 286
12 217
49 111
260 237
271 203
2 286
293 123
103 36
149 166
223 247
37 247
65 214
252 130
95 226
177 94
212 72
296 203
76 296
2 283
83 96
207 47
152 105
83 208
249 131
85 165
260 42
127 283
157 158
110 267
47 184
285 148
259 249
151 117
78 297
81 18
44 290
237 105
68 86
194 269
246 50
137 85
81 210
238 192
133 196
243 98
89 216
288 108
207 145
152 154
212 174
150 75
112 87
273 210
1 276
279 227
195 71
97 140
113 275
194 149
137 253
137 4
287 125
271 56
233 48
207 143
190 270
261 2
16 5
240 11
55 200
37 297
175 276
48 189
89 295
215 152
258 53
148 55
291 193
91 170
224 110
183 46
104 82
291 159
52 141
178 118
99 109
69 77
276 24
285 156
239 176
23 188
0 148
58 209
228 250
196 139
83 48
224 61
36 275
29 79
195 137
47 73
254 265
89 76
69 276
120 149
164 46
5 77
178 214
265 82
167 177
233 125
132 265
285 119
251 28
7 200
44 35
121 142
251 272
27 274
158 74
144 121
46 295
14 203
290 213
240 228
174 10
26 41
228 290
35 121
111 94
295 6
113 27
158 67
279 176
281 169
36 99
161 134
7 257
231 185
231 12
143 91
92 176
228 138
73 61
238 150
186 23
204 219
61 289
81 168
67 6
114 102
39 77
263 61
91 42
212 188
45 198
185 272
174 13
237 195
111 98
156 165
132 292
19 297
288 65
229 64
32 29
92 188
275 58
67 132
270 128
30 104
238 203
241 261
186 298
177 126
1 224
274 168
243 285
128 32
69 25
191 287
129 100
268 72
274 83
89 147
257 238
281 114
253 230
291 203
27 221
101 49
155 81
296 107
260 297
110 126
106 259
171 266
200 207
18 281
38 102
214 91
248 187
25 182
55 115
15 85
253 107
199 207
223 48
168 24
277 258
234 194
122 59
97 141
296 148
195 102
192 52
49 91
180 66
143 31
89 143
283 99
67 192
234 112
222 245
101 195
152 58
145 188
119 262
45 145
70 291
179 180
291 265
29 82
226 16
198 40
133 164
68 166
293 192
2 188
93 176
211 258
270 16
284 59
211 33
251 39
172 247
186 290
231 254
242 270
61 173
102 177
221 293
207 179
255 154
108 120
296 4
62 129
132 227
41 69
157 218
258 131
250 191
155 129
212 130
289 162
193 45
231 166
250 234
159 91
1 236
65 15
178 142
151 106
31 282
278 104
196 249
35 179
60 92
217 47
8 296
203 62
234 267
109 134
60 184
142 229
125 288
83 271
218 286
249 168
20 221
58 285
222 138
233 56
268 219
142 144
44 34
221 197
272 96
39 276
109 217
14 175
139 246
74 115
214 37
43 199
88 83
154 16
10 206
241 211
211 12
130 39
257 185
252 257
172 23
82 40
199 62
63 285
194 140
275 290
188 123
25 29
175 183
164 200
195 92
215 36
215 124
58 17
173 218
33 57
231 162
191 215
156 102
213 157
42 83
231 186
276 34
289 39
192 255
23 137
249 109
70 153
16 82
281 4
190 120
206 223
152 113
241 240
251 179
284 37
66 274
42 199
291 207
119 110
206 247
220 282
258 125
206 155
268 54
152 189
217 37
26 16
207 227
186 47
206 190
265 83
18 215
50 2
154 123
205 238
272 8
263 287
223 98
62 101
251 135
62 132
160 48
277 31
185 42
31 72
273 172
42 261
225 288
63 290
110 228
255 118
155 240
76 43
297 222
30 131
165 88
93 232
248 79
154 146
150 83
197 11
135 19
5 38
154 242
168 228
113 68
27 239
154 60
54 150
266 111
199 7
167 291
287 157
73 291
41 178
265 253
112 190
164 112
232 2
259 287
22 21
188 16
154 102
21 233
137 227
118 101
169 263
132 107
281 31
177 72
77 71
226 284
192 103
152 115
80 85
93 42
163 146
99 15
279 282
194 276
284 11
86 184
286 260
265 137
89 17
4 247
50 295
104 255
282 256
185 102
104 8
292 247
82 43
44 83
295 82
4 38
289 200
265 6
65 117
163 87
223 166
24 31
191 33
140 171
96 66
91 278
172 15
52 19
232 129
289 98
122 134
204 38
266 185
119 40
286 181
34 53
210 191
235 52
285 87
4 258
29 75
141 181
110 74
69 138
17 100
236 127
209 254
185 162
20 108
62 121
227 205
4 239
144 16
10 239
44 67
287 101
51 240
241 242
162 5
62 45
218 294
91 113
206 93
290 286
195 45
119 138
169 14
150 35
212 236
127 72
9 129
77 220
110 43
186 213
247 217
189 266
227 116
151 7
266 262
0 182
40 65
13 283
266 268
19 10
221 47
71 250
50 69
170 145
225 69
168 80
179 3
188 58
149 90
125 239
260 105
41 290
194 200
234 260
189 51
216 173
143 242
166 32
269 198
13 27
100 228
77 245
57 245
27 186
68 89
173 172
16 223
161 96
46 249
148 56
51 275
122 259
12 234
88 65
106 248
199 192
25 171
11 99
23 173
242 252
170 290
17 234
299 178
267 213
37 68
156 143
271 248
229 41
209 204
85 159
177 128
181 128
101 290
91 124
274 103
218 101
185 294
257 190
89 106
203 151
2 124
99 281
206 43
83 276
100 135
66 297
33 279
145 270
27 280
195 269
35 138
49 280
231 82
211 18
22 286
178 278
269 267
197 184
157 208
161 212
70 83
135 147
152 205
240 145
3 277
167 58
202 146
265 239
198 74
137 255
216 56
128 88
171 9
296 97
244 100
60 190
138 229
152 46
84 76
17 119
283 261
242 21
184 179
72 184
284 263
244 29
189 128
126 297
31 63
92 79
123 175
243 286
136 267
153 281
38 163
54 100
72 282
221 272
151 99
175 20
48 180
20 8
67 266
89 234
16 6
55 183
273 194
74 63
158 34
263 136
45 219
296 278
230 250
266 131
277 207
23 155
120 194
52 87
50 239
111 190
8 217
28 25
271 134
204 50
50 148
36 138
178 230
193 257
155 215
203 111
76 177
103 35
267 273
48 291
267 19
80 105
109 144
132 80
186 43
260 87
293 267
39 176
22 26
110 156
175 75
229 230
136 104
249 94
196 60
245 92
162 137
180 202
116 278
63 3
152 87
62 292
171 64
283 122
32 171
241 69
206 186
159 37
41 11
56 296
189 214
182 239
152 145
236 280
5 93
21 9
127 146
29 263
58 143
5 34
6 23
290 158
15 69
159 290
44 153
35 222
293 184
200 67
234 120
63 271
179 59
147 252
121 113
201 36
70 4
291 47
223 67
272 179
194 163
259 69
92 57
269 134
212 108
103 89
162 230
6 257
183 110
281 2
276 102
25 110
183 60
286 99
57 29
276 269
118 254
135 194
62 294
283 17
103 180
172 294
144 112
265 126
150 180
64 215
275 205
61 174
155 180
149 43
256 277
209 217
168 191
93 150
87 216
154 232
228 185
205 111
217 119
180 108
297 82
68 21
109 79
236 172
284 244
72 201
97 73
191 73
287 262
137 86
190 256
236 152
147 169
89 38
154 86
161 56
284 185
261 89
229 106
210 70
228 253
51 115
195 150
139 76
280 271
125 185
108 134
248 197
35 240
272 285
213 170
160 76
231 234
13 18
240 110
8 49
126 27
157 183
262 167
140 157
123 97
241 220
116 16
123 52
210 178
118 162
44 11
89 64
1 29
260 51
271 129
3 23
9 88
206 299
171 252
36 278
250 113
158 85
224 221
265 81
48 133
230 136
162 161
225 61
128 293
60 47
273 295
111 234
237 107
26 258
50 154
24 159
105 239
129 199
5 154
245 225
72 199
55 293
162 54
162 154
48 62
99 221
26 203
159 284
5 81
239 295
79 258
72 92
133 79
44 240
206 154
148 84
256 244
219 273
216 93
52 266
35 233
253 178
229 285
21 274
186 278
39 82
182 62
277 21
285 74
101 84
8 47
89 97
36 84
109 3
152 228
134 252
168 217
256 294
23 154
47 197
54 101
160 255
272 201
17 96
181 290
168 114
150 271
48 42
212 192
223 58
167 299
200 87
225 31
12 23
178 85
211 277
110 270
274 155
205 148
99 260
273 126
35 20
226 230
291 215
155 76
67 151
69 214
159 267
27 262
143 12
2 110
44 97
80 55
83 71
165 214
227 131
148 106
13 40
260 182
91 33
66 227
287 97
198 267
264 129
59 269
299 8
151 4
137 132
271 98
186 235
5 128
199 46
162 33
234 222
47 232
107 181
5 192
35 218
147 136
47 171
28 82
197 31
246 52
189 223
279 207
103 25
162 115
260 20
73 244
250 263
260 96
168 138
266 5
44 181
299 290
109 107
133 56
101 121
70 71
67 135
285 236
30 76
209 167
150 78
238 299
276 152
80 252
149 14
110 284
68 247
24 78
242 136
39 196
204 157
81 99
282 255
165 131
244 163
212 107
215 199
267 279
221 102
39 79
84 258
185 84
209 42
136 295
297 94
229 85
210 150
143 297
154 54
123 72
0 210
105 82
253 40
25 134
8 223
55 193
218 61
252 199
138 58
121 0
180 138
215 258
113 254
162 97
288 82
279 21
292 91
120 225
49 105
44 186
18 178
97 19
282 253
226 228
271 161
270 246
226 104
125 202
23 41
228 76
68 64
77 197
66 250
29 8
121 195
47 70
278 18
247 273
189 217
154 107
276 195
132 243
34 51
199 246
47 132
30 12
279 137
134 7
159 88
88 58
177 184
12 270
172 115
235 150
165 64
121 108
229 40
151 69
277 94
84 275
23 236
179 267
136 142
259 237
61 122
136 33
242 17
139 153
248 127
103 41
217 58
233 176
54 196
61 108
161 32
227 114
270 228
174 255
290 191
212 82
100 206
93 36
172 110
225 259
250 290
258 19
258 117
242 239
116 229
23 66
141 34
278 60
133 81
127 288
92 16
279 211
295 123
4 48
152 230
184 40
271 67
241 90
42 41
272 196
9 43
14 76
162 175
219 277
229 17
141 147
21 297
104 81
48 22
211 120
66 19
227 118
72 157
151 124
243 270
71 43
51 208
8 239
38 112
139 111
107 180
287 27
87 182
137 267
131 95
140 195
261 297
152 101
71 96
271 27
117 240
105 165
84 225
41 286
183 286
42 269
39 116
164 139
100 14
60 25
90 21
147 1
231 65
73 96
57 23
249 253
213 34
180 226
221 50
139 52
38 115
13 210
237 227
102 41
2 34
222 37
89 207
26 165
281 103
122 74
27 228
213 202
257 32
124 274
175 55
199 197
148 64
296 199
287 290
250 184
263 133
84 92
34 68
0 158
112 215
287 229
36 104
253 174
294 205
160 137
188 74
157 176
265 295
292 282
171 112
122 105
202 95
274 287
190 205
112 85
236 111
42 126
157 84
100 223
5 220
256 210
226 290
15 12
290 122
210 234
258 10
50 284
279 99
110 7
172 257
233 1
73 189
140 160
68 131
251 116
298 126
87 197
138 128
227 77
157 193
168 137
50 181
101 18
92 33
286 163
92 3
252 49
151 45
7 255
104 121
165 74
137 200
49 68
147 151
118 103
6 85
53 174
41 221
26 45
181 104
4 49
10 45
196 184
41 223
193 179
204 148
123 177
227 41
176 212
265 120
195 109
209 128
276 163
122 52
95 188
296 24
214 141
260 9
246 157
289 114
224 127
244 130
246 163
192 49
280 225
139 0
124 246
231 163
170 41
17 238
161 208
254 88
272 191
299 288
141 69
172 49
61 294
162 164
41 204
216 113
145 70
280 148
202 112
100 194
252 166
276 44
260 147
148 88
147 256
57 125
63 130
43 21
233 25
253 171
145 131
203 6
3 84
122 95
4 20
9 288
89 267
9 246
56 118
189 67
92 0
71 199
192 97
16 21
192 160
288 184
284 65
144 65
66 212
282 286
45 89
207 88
155 256
98 240
82 153
70 212
104 72
31 217
40 137
69 5
197 194
266 278
228 68
235 185
74 190
39 65
99 27
230 255
128 211
260 167
84 205
217 167
83 80
179 230
141 217
34 73
173 240
237 109
231 171
98 250
233 220
1 205
229 244
161 266
19 237
30 105
7 222
247 144
3 269
140 18
225 249
89 150
178 241
257 206
78 35
93 128
210 2
31 28
289 17
194 270
89 278
278 20
173 246
130 1
40 53
121 180
274 224
168 6
23 81
42 198
167 225
26 88
30 22
262 270
121 158
80 251
193 202
158 50
134 197
99 292
152 8
176 238
40 73
62 17
230 104
106 53
81 225
256 278
80 190
2 81
178 155
98 230
166 230
95 31
137 280
67 278
67 218
271 141
182 74
42 207
244 252
252 157
78 52
165 218
117 226
107 66
235 14
85 100
68 188
41 159
236 255
193 262
61 165
263 216
0 298
102 176
18 90
13 185
282 82
90 60
249 299
8 86
97 54
212 177
196 210
179 295
291 91
97 128
58 189
107 193
113 169
189 145
114 101
262 81
74 27
133 62
87 188
83 7
146 169
0 147
204 176
0 27
10 109
259 192
226 189
265 204
252 273
233 172
256 77
119 125
159 144
230 231
271 125
21 73
169 26
113 237
111 210
231 276
225 279
114 234
81 55
71 19
271 139
6 120
290 216
286 50
232 271
218 115
296 91
159 126
114 61
245 124
68 100
56 114
108 53
190 47
87 85
184 113
9 8
53 277
21 98
251 22
170 241
254 56
75 91
107 45
263 253
228 97
183 138
121 168
126 53
276 114
249 236
63 191
239 206
11 246
73 13
262 183
18 156
224 67
235 18
231 232
142 210
191 112
195 249
289 16
274 286
62 193
89 228
265 217
161 175
277 220
191 153
270 252
7 250
92 118
212 276
216 161
246 260
256 66
170 187
108 50
43 102
281 50
130 50
144 196
227 24
124 256
154 40
111 220
120 140
125 280
237 273
280 220
65 293
206 64
188 79
146 239
276 105
252 286
260 200
70 274
22 93
251 246
221 258
63 196
63 176
240 5
292 157
280 19
64 254
216 53
244 282
273 104
146 222
279 184
82 172
12 250
120 155
177 270
186 41
62 0
9 20
117 17
86 80
62 88
233 200
149 275
185 145
151 122
126 44
94 230
35 254
165 292
243 128
25 150
126 213
88 278
167 88
108 170
74 202
246 166
4 122
209 22
54 26
73 174
279 39
284 41
210 127
278 31
240 55
157 256
221 118
198 121
259 79
41 116
194 8
115 134
213 206
180 2
21 299
122 174
45 274
216 233
228 284
220 199
194 289
293 215
215 66
9 0
57 42
273 93
161 253
246 121
232 278
47 118
31 100
59 217
269 217
65 169
119 149
176 78
129 101
238 19
117 216
28 212
86 205
35 184
114 263
145 187
92 20
47 72
97 182
258 68
277 249
52 138
110 104
155 151
169 155
108 101
69 165
229 228
65 105
20 167
197 277
146 72
274 76
9 84
156 205
259 124
297 61
4 65
198 283
284 25
11 55
214 64
276 214
177 146
65 66
64 292
283 96
31 169
83 10
292 130
137 192
98 234
252 133
56 106
80 31
21 246
161 47
15 231
57 297
144 129
2 222
80 223
38 148
158 82
186 83
196 150
37 118
232 283
6 115
186 172
188 48
241 11
24 91
134 224
131 211
239 162
85 60
228 294
144 19
129 21
172 84
113 252
161 200
38 199
232 77
193 165
33 226
43 122
191 197
122 64
33 114
279 43
55 171
299 205
226 46
122 18
173 145
289 155
90 53
294 142
197 287
206 131
24 34
36 100
63 283
201 23
65 77
108 245
268 83
198 294
98 256
139 211
21 136
173 199
163 153
186 221
132 182
58 142
117 197
283 219
5 25
135 157
7 101
284 43
138 61
100 192
101 191
5 124
168 139
106 100
33 249
44 146
14 275
78 122
138 26
94 295
281 98
24 51
153 234
59 245
181 258
291 23
277 125
10 94
284 9
98 58
236 216
28 252
74 41
269 273
15 151
106 72
111 265
283 155
258 265
215 190
65 102
273 292
149 296
116 171
52 289
126 284
297 112
241 282
209 268
96 275
176 123
64 205
262 91
83 125
44 29
60 297
15 39
37 67
106 91
240 142
160 194
137 173
289 3
33 99
132 135
273 26
138 118
247 282
274 217
52 8
124 260
13 109
97 176
113 279
230 217
192 91
49 33
290 278
167 207
58 297
180 253
20 249
278 233
29 0
16 162
159 160
254 200
102 20
12 187
173 35
267 183
21 278
103 8
70 160
93 233
285 83
33 35
141 184
153 71
154 192
87 181
135 175
186 225
84 264
95 193
199 31
253 231
233 291
54 89
10 32
291 76
69 282
28 29
198 106
138 80
101 112
226 109
78 169
13 67
244 62
123 125
182 73
97 13
295 142
150 241
194 88
116 24
98 165
33 195
266 139
148 25
238 54
177 298
274 255
89 25
177 42
42 27
109 164
26 83
148 107
262 40
185 115
15 137
12 226
53 269
172 164
84 298
107 128
268 270
23 268
147 148
296 195
59 259
67 221
276 183
4 119
295 290
82 277
111 121
71 181
20 65
226 236
227 0
224 236
64 124
244 182
72 99
71 270
182 233
99 145
214 83
268 69
84 159
200 152
181 118
299 82
81 51
220 98
103 79
230 37
277 35
293 166
125 153
185 170
77 148
167 30
210 102
10 149
201 101
20 263
193 176
13 288
98 105
277 132
238 3
265 230
203 250
76 24
86 174
85 217
175 81
46 180
268 232
15 267
104 254
203 33
158 138
265 211
3 97
162 279
13 23
2 128
105 191
148 182
30 101
274 73
72 1
36 149
186 49
21 20
49 100
234 52
120 49
231 169
70 194
185 28
223 286
174 105
66 39
176 25
263 257
232 224
141 3
110 79
106 156
36 189
175 86
152 41
119 221
8 196
98 157
12 5
234 244
190 229
174 290
90 207
203 186
282 104
183 10
283 265
108 146
16 283
188 27
273 278
244 119
195 61
123 149
290 284
13 246
276 103
290 293
268 214
215 235
71 33
235 95
62 260
98 188
83 154
12 295
109 97
12 51
183 59
229 19
243 92
296 80
240 74
132 129
48 128
249 238
31 118
273 30
70 22
34 16
26 265
157 211
94 283
98 278
153 80
251 67
68 280
120 62
138 174
229 278
97 87
104 96
198 123
86 263
91 34
46 14
16 89
133 98
118 226
177 204
230 138
285 42
24 86
246 69
44 88
50 173
55 164
266 194
11 130
108 187
92 221
61 223
111 228
191 235
1 77
238 281
102 179
207 148
38 232
188 90
141 162
119 294
293 45
8 140
39 252
274 202
212 296
168 50
265 18
216 151
239 63
260 100
220 226
65 35
211 232
198 51
99 130
99 18
230 154
40 112
200 135
260 17
187 83
24 104
64 240
131 239
82 100
272 219
197 16
227 122
126 124
175 222
96 84
286 150
19 95
47 214
77 214
135 235
115 5
280 171
193 3
231 224
104 262
131 212
48 26
86 28
5 153
60 10
30 203
47 235
277 286
228 272
107 95
295 280
278 197
246 135
85 82
127 33
87 12
78 289
145 160
135 102
161 72
163 13
147 205
261 263
109 268
143 0
31 9
127 161
205 143
155 170
59 13
58 229
193 90
244 205
176 51
44 16
55 169
65 248
35 151
11 96
172 297
198 116
105 35
31 216
6 101
182 262
182 234
153 280
254 123
166 251
294 177
97 220
85 3
36 51
254 203
49 127
87 86
238 232
220 177
165 95
227 109
293 274
290 75
276 201
262 42
141 83
208 220
242 71
226 132
67 58
125 232
78 249
125 240
225 53
114 238
252 94
89 141
282 173
80 147
191 135
52 164
278 100
244 270
113 124
132 59
55 258
25 56
297 2
141 140
83 118
6 32
268 261
21 235
13 189
153 42
106 31
93 61
248 148
208 275
40 80
168 256
107 34
139 12
204 128
54 27
93 15
117 42
199 242
38 98
277 69
77 201
190 182
160 232
102 271
120 37
236 3
252 195
157 237
116 75
4 33
239 38
226 22
92 264
39 282
299 35
92 123
216 254
257 126
8 114
27 140
299 230
55 291
155 37
87 7
73 118
182 35
116 208
57 35
229 273
189 275
68 245
208 78
214 184
280 99
176 186
184 173
63 41
216 72
53 75
199 140
75 58
29 16
166 221
297 285
106 75
37 94
105 233
299 165
235 5
207 161
255 239
52 217
260 76
82 37
100 29
93 271
115 182
87 156
123 243
8 249
64 193
125 46
279 163
39 132
42 86
17 220
110 0
108 40
181 137
220 146
119 43
90 157
119 267
84 40
146 218
293 151
83 101
94 266
52 274
223 86
292 42
207 178
193 0
99 188
263 271
274 116
44 136
28 294
270 25
16 272
102 18
240 75
173 135
80 93
48 38
162 193
238 109
114 181
101 80
20 112
83 138
127 213
161 241
191 84
107 141
186 253
35 278
27 154
292 191
224 3
103 152
242 155
238 12
39 67
95 180
59 85
115 137
206 201
282 164
60 286
51 125
147 257
73 172
254 248
93 60
228 29
136 186
120 146
1 275
210 141
246 238
160 115
229 208
76 210
251 15
136 139
69 139
16 136
43 27
251 289
295 147
163 257
283 266
15 220
82 109
181 76
177 164
216 158
18 138
79 173
275 76
140 281
6 231
3 73
82 249
173 168
160 240
287 238
56 171
191 102
129 46
258 278
11 108
272 73
286 245
270 104
93 89
260 118
122 245
253 296
42 67
43 226
182 277
86 5
173 25
139 120
299 119
293 68
55 151
94 66
148 286
185 35
243 60
279 49
235 65
224 45
92 259
284 24
213 73
251 87
141 151
103 14
19 62
133 128
106 239
165 253
87 13
105 40
63 30
207 221
92 190
21 252
216 8
2 55
140 290
271 294
293 264
159 219
190 56
275 201
265 162
235 260
76 285
91 211
285 183
247 297
71 183
161 189
110 64
169 287
150 125
233 156
36 242
254 131
237 285
263 249
187 275
247 74
201 54
61 280
275 296
39 86
193 50
168 267
174 34
35 7
44 128
133 34
285 224
37 87
108 298
274 278
46 162
50 163
129 93
50 214
190 251
270 7
288 264
38 76
72 217
131 238
29 46
244 128
244 250
86 207
221 208
259 6
181 248
123 133
10 172
15 82
76 108
51 261
261 178
153 84
101 177
170 50
73 65
108 34
224 233
283 126
49 15
81 11
287 53
94 155
268 293
161 227
256 38
167 104
68 39
73 276
229 51
22 46
129 94
196 194
223 84
152 14
273 152
74 50
9 158
170 149
3 185
55 197
264 169
21 65
234 254
162 270
292 196
264 271
140 61
4 23
46 241
201 18
42 118
213 54
231 190
272 266
29 235
113 191
209 134
269 200
272 286
169 255
147 230
221 177
143 184
203 237
235 205
23 121
186 262
8 165
31 18
220 27
210 277
36 89
85 192
145 48
252 207
252 150
252 29
293 39
236 178
211 199
207 111
139 267
132 83
45 67
128 41
278 41
145 17
180 191
36 67
50 6
14 90
161 256
179 99
290 184
164 120
85 265
139 198
159 237
135 255
129 109
228 143
191 199
18 177
215 202
223 89
97 292
202 38
5 158
226 270
155 99
231 249
283 227
123 238
171 18
291 45
96 110
108 238
227 150
185 278
57 204
153 242
246 236
177 179
161 234
245 229
196 6
236 90
236 253
149 11
267 74
268 6
267 16
182 261
26 113
11 5
222 206
197 290
272 70
30 195
42 205
48 224
158 57
77 98
250 169
55 31
134 279
61 256
219 20
53 176
174 235
93 215
122 202
20 290
140 246
57 143
126 120
292 154
257 15
19 160
32 0
157 78
33 213
218 103
223 267
224 292
177 67
265 157
120 242
288 271
296 180
151 193
143 199
95 287
21 150
159 201
65 269
252 254
173 141
114 196
171 12
148 216
1 10
204 202
264 37
135 131
114 24
44 6
6 139
167 253
8 230
103 287
174 219
277 113
117 260
25 121
191 220
187 176
141 35
5 177
110 33
124 161
109 43
278 84
142 116
221 204
158 225
155 104
176 95
160 87
149 157
134 79
34 131
278 156
29 217
236 179
51 183
227 133
187 191
262 259
222 233
77 199
285 193
184 246
108 68
191 269
126 22
71 282
189 176
241 265
118 157
152 183
213 106
54 62
29 243
202 179
91 196
52 236
242 159
62 153
167 85
298 226
49 146
90 244
143 120
201 42
181 57
248 227
285 5
292 69
233 190
40 202
125 62
18 282
228 159
237 58
118 160
274 42
171 106
36 216
107 219
246 178
248 11
112 18
91 104
97 53
119 28
134 112
262 240
32 28
113 75
5 122
160 77
156 214
244 170
228 219
116 290
116 35
219 131
51 142
157 62
132 43
208 231
104 23
108 0
4 215
136 240
65 297
257 143
236 84
299 112
222 86
30 280
212 121
133 53
61 181
228 187
296 111
21 272
230 236
193 116
186 279
247 252
27 159
279 264
30 147
146 37
292 61
36 137
7 15
8 101
204 138
241 9
79 198
0 26
188 170
94 21
5 73
246 170
156 290
95 181
95 32
182 169
273 49
180 73
246 202
268 116
278 140
112 97
292 178
116 76
175 62
118 140
44 152
75 190
53 203
193 109
61 34
173 78
216 164
23 227
262 76
94 210
74 214
173 297
105 141
172 129
10 266
233 206
106 83
220 153
66 270
133 61
64 2
18 82
27 10
251 104
27 294
76 144
143 268
285 177
202 168
78 94
32 185
127 189
33 260
159 86
116 145
171 214
218 236
60 108
102 36
61 38
97 29
12 194
227 192
190 152
171 234
233 257
2 269
44 115
109 147
207 195
272 239
99 215
10 64
182 82
272 66
85 5
67 246
11 77
14 263
110 58
71 191
129 138
149 117
71 159
82 122
0 268
11 281
25 99
39 205
151 61
32 204
184 260
185 116
261 252
112 71
182 170
183 20
223 6
194 235
262 209
264 67
82 51
220 161
150 9
115 293
99 17
196 155
201 62
167 178
246 16
14 21
252 143
20 296
96 100
220 135
65 167
234 27
180 276
163 93
187 206
3 198
80 123
164 125
137 142
39 148
174 139
121 226
98 237
166 106
121 241
193 35
16 63
150 114
206 42
272 234
259 188
35 131
167 6
63 213
200 218
114 236
273 103
36 130
140 119
292 33
295 24
192 263
55 56
75 157
278 96
46 123
51 126
164 20
41 206
260 252
186 166
45 281
181 275
125 275
251 295
201 242
236 221
237 43
266 257
65 152
92 299
155 264
140 271
21 260
75 160
206 12
15 134
242 207
13 281
34 266
167 182
290 200
62 270
217 212
174 24
17 77
134 22
126 137
132 190
47 80
213 233
254 90
69 253
58 155
105 25
137 20
246 152
163 122
162 219
179 56
214 279
132 238
176 223
262 13
153 249
21 225
142 266
12 261
40 182
211 102
3 91
76 111
138 295
197 167
8 237
78 167
147 240
247 43
19 80
177 147
89 9
62 241
192 39
58 2
100 128
54 41
271 297
33 8
86 16
129 116
165 226
65 61
28 70
115 242
163 156
79 197
43 240
245 265
135 171
111 17
256 292
7 252
152 99
236 45
139 285
175 72
286 118
279 19
83 254
41 134
242 291
279 108
96 16
165 38
205 266
128 150
65 82
227 52
81 101
115 19
46 166
211 42
201 88
245 189
148 264
266 168
278 174
264 285
126 63
241 252
125 251
251 143
39 16
124 229
244 221
155 61
32 229
148 230
285 217
216 291
167 193
284 123
230 180
199 96
126 30
165 70
83 29
294 49
189 43
169 120
106 133
227 12
196 29
78 132
166 195
87 53
56 90
298 208
53 254
138 126
236 0
179 291
236 56
267 222
218 122
93 227
261 119
136 126
238 293
229 84
279 89
111 239
200 205
204 87
126 16
90 112
290 64
58 298
272 3
40 233
293 29
106 225
179 280
136 228
253 106
123 83
103 90
98 252
202 8
283 70
282 194
28 206
37 66
167 204
108 183
63 77
221 209
230 169
179 113
18 3
107 190
211 153
100 171
149 4
166 91
219 133
10 249
265 231
89 55
281 59
11 83
236 38
238 65
38 100
239 118
214 27
270 115
258 62
38 176
271 204
215 100
173 43
37 277
13 94
52 43
57 191
72 264
123 172
292 89
190 141
25 115
119 120
269 81
26 144
174 125
78 256
207 25
257 69
149 298
36 200
277 104
113 104
242 263
102 223
46 156
26 62
49 201
36 85
280 8
2 248
267 199
92 5
35 95
184 55
72 254
3 49
241 214
33 25
275 236
158 128
261 107
246 6
114 113
183 265
82 33
219 279
174 44
81 211
51 191
202 51
201 137
175 188
25 263
17 204
143 93
247 36
42 20
259 156
158 30
174 280
29 272
260 288
27 11
222 83
249 71
188 280
70 68
255 73
8 256
82 91
209 5
107 69
140 201
237 27
42 167
62 181
233 155
157 129
168 7
149 91
170 162
17 139
260 11
101 298
136 39
177 291
96 60
196 57
277 128
131 160
179 54
171 257
68 9
66 73
175 229
230 260
0 212
103 120
38 174
77 135
294 234
292 179
54 216
99 43
199 39
72 79
53 271
115 166
128 185
142 145
217 223
173 285
192 34
280 253
126 235
111 56
29 187
168 166
64 244
194 187
37 232
123 130
136 129
270 141
11 105
185 183
2 193
231 98
260 226
229 298
298 299
147 292
71 189
12 105
105 212
106 140
28 204
16 285
295 1
211 181
220 136
1 115
133 191
162 266
207 209
110 123
232 212
64 109
213 208
0 61
224 276
204 81
146 210
192 252
140 113
294 227
90 247
96 235
39 250
237 108
57 162
156 118
241 186
259 47
207 216
203 223
21 1
261 22
282 263
187 165
206 225
215 180
114 137
184 244
8 174
149 174
80 240
163 298
89 128
13 236
189 211
12 54
59 150
264 185
229 123
37 111
226 257
70 104
283 3
52 263
115 278
155 193
56 241
297 97
267 275
28 172
199 159
21 230
231 212
164 260
56 223
243 110
266 289
36 59
64 287
32 194
162 191
275 162
293 194
115 121
93 292
83 116
123 3
115 12
273 137
230 221
282 78
138 226
243 86
139 97
82 179
299 172
169 156
269 38
148 26
54 28
62 299
151 105
70 75
261 49
53 186
5 161
124 54
55 125
176 7
107 60
34 83
194 203
172 86
82 283
89 70
267 47
168 68
143 219
150 230
80 194
9 164
186 236
25 262
152 2
185 148
113 297
287 210
282 55
221 200
73 42
191 172
23 238
151 180
273 66
190 30
229 194
169 214
201 220
158 240
83 63
219 251
63 270
8 184
231 146
150 266
251 224
130 208
76 169
125 19
76 232
21 5
208 246
45 130
256 81
297 248
247 86
262 292
259 270
122 178
72 214
119 179
44 262
277 60
198 237
271 284
156 292
168 190
41 262
156 227
1 219
230 88
144 135
215 6
245 31
18 45
60 6
20 14
114 288
96 192
209 100
242 0
82 246
16 155
45 97
265 2
149 130
36 231
175 251
226 105
146 64
43 72
173 94
58 218
256 115
112 285
32 222
192 243
123 94
284 168
285 136
88 298
216 252
86 104
220 35
143 163
120 55
203 86
248 242
120 94
46 187
259 228
118 48
297 6
104 250
253 4
203 24
289 176
181 204
2 268
154 287
185 1
279 41
202 67
256 5
42 71
75 144
11 285
195 171
61 90
245 4
175 48
45 60
98 164
232 95
277 50
32 231
161 204
127 145
280 85
281 28
226 268
234 32
169 283
167 271
296 6
90 41
289 175
40 32
118 36
168 247
263 70
240 119
297 27
79 47
65 75
91 243
120 266
246 240
299 163
165 293
126 153
171 152
253 268
17 15
32 113
277 259
288 0
48 211
290 26
253 108
209 44
208 185
45 0
9 294
92 68
235 63
240 266
63 218
69 267
62 222
48 86
119 256
18 47
232 131
211 193
279 71
69 40
175 215
299 126
14 58
260 63
140 86
175 132
20 107
293 66
265 103
224 121
44 194
287 261
128 245
65 178
56 298
84 167
294 109
291 162
258 44
152 252
218 170
234 245
290 112
43 243
53 184
287 260
227 144
245 72
180 62
128 28
240 279
109 42
295 298
52 261
263 184
77 238
291 33
12 297
286 231
29 170
110 205
284 204
260 81
268 187
211 99
15 208
53 92
152 196
163 15
234 94
93 147
223 202
138 5
150 104
133 116
293 280
297 298
62 223
208 99
85 148
101 113
177 111
14 296
148 244
108 188
61 33
162 59
271 210
203 87
39 106
62 93
172 262
180 249
45 299
244 61
248 188
123 111
184 182
36 212
164 257
85 23
29 275
142 212
136 179
93 238
110 230
58 46
47 257
250 69
43 176
19 128
2 117
100 246
295 148
295 205
214 271
110 152
127 101
189 242
104 186
109 175
190 63
134 285
24 269
252 230
73 281
189 146
122 154
244 81
122 263
75 46
268 46
199 44
49 183
126 69
275 167
227 229
170 53
146 118
56 163
223 138
67 288
216 3
159 80
36 91
77 287
56 192
249 116
92 198
208 188
166 179
115 230
197 161
275 159
137 235
69 212
117 167
186 35
32 149
49 79
148 9
47 296
122 285
18 103
279 257
89 100
91 70
109 246
177 112
53 173
244 257
214 71
256 286
75 13
184 150
36 63
168 99
69 92
188 20
245 50
51 109
48 234
221 71
274 218
188 160
181 242
162 69
291 299
61 105
234 46
149 205
134 33
252 0
159 113
63 200
76 204
222 13
207 113
36 146
264 26
210 174
58 291
286 103
222 109
162 133
150 294
237 61
223 186
1 71
202 158
163 161
227 3
7 49
152 97
108 195
291 285
113 50
225 168
227 213
237 54
54 46
226 72
165 99
173 100
57 98
89 204
206 183
121 116
33 181
63 237
253 246
223 237
158 81
184 56
105 208
86 115
46 253
195 21
192 292
235 257
24 80
192 230
126 7
128 108
286 10
291 198
85 14
77 282
230 242
228 130
56 158
177 74
231 258
104 296
116 50
14 1
260 153
31 22
249 199
82 274
12 247
145 284
279 59
281 209
103 187
197 80
92 93
74 174
63 251
211 242
76 180
245 74
139 170
221 117
183 86
218 88
294 171
15 10
16 71
132 291
128 71
44 129
113 47
268 257
62 221
107 268
82 113
103 130
113 134
124 88
248 70
162 178
249 233
54 143
278 267
233 254
166 243
28 227
179 2
200 186
76 217
141 264
232 174
202 152
208 280
68 135
165 233
165 33
38 268
209 222
155 7
298 36
156 9
77 172
119 105
104 35
125 72
181 41
229 172
111 162
209 259
248 136
0 63
180 174
275 102
105 34
17 232
182 171
147 118
176 90
103 153
85 252
21 238
283 170
138 163
232 254
271 190
101 221
269 34
105 219
225 181
115 258
217 6
34 26
95 191
118 130
122 194
218 163
43 299
89 87
67 46
255 83
225 132
189 33
229 38
8 48
254 218
92 155
43 187
22 13
148 229
97 7
257 234
63 208
136 92
1 31
185 192
179 140
262 55
43 80
270 61
29 286
104 106
25 37
68 295
286 84
40 263
265 110
56 7
133 39
290 182
143 243
194 101
181 142
287 277
114 209
262 289
58 215
255 181
189 141
195 31
180 205
192 129
59 158
126 23
262 248
76 106
294 36
220 254
17 291
269 233
174 104
185 21
268 190
89 137
252 169
46 263
2 182
220 58
141 295
219 24
276 26
132 79
277 127
82 258
190 71
217 50
295 175
250 16
229 174
153 269
149 62
153 297
178 203
122 162
119 254
224 287
103 45
252 20
138 109
215 50
45 123
197 271
208 17
236 82
40 104
253 143
2 187
25 123
16 247
205 35
192 26
72 281
297 36
205 221
231 68
225 1
16 88
81 285
55 152
75 216
270 48
62 237
50 299
174 101
281 125
78 53
146 28
105 56
245 292
110 247
177 260
269 158
213 39
203 94
164 58
102 108
48 63
197 76
293 242
114 261
48 139
82 57
51 64
131 28
45 160
40 43
151 271
155 296
80 59
91 231
181 298
219 65
193 212
50 264
131 115
296 121
173 97
42 243
292 167
18 39
249 60
95 177
274 233
185 182
28 35
186 277
105 229
28 117
285 167
176 244
202 156
65 260
279 11
7 218
95 170
162 284
171 70
131 163
156 138
210 175
203 171
247 0
213 109
175 201
160 149
227 272
32 34
23 110
36 148
38 273
171 245
62 92
142 190
219 136
230 132
234 10
262 168
274 0
113 299
238 18
30 225
225 180
220 214
215 296
167 26
127 249
124 290
31 40
196 94
217 251
203 252
209 246
78 30
226 101
213 293
220 275
289 259
255 44
138 278
294 10
102 141
71 113
49 158
268 86
90 264
171 243
191 144
233 284
16 299
263 191
171 41
90 221
61 214
165 71
35 175
174 233
195 59
288 48
291 123
196 287
175 246
246 161
35 146
136 137
159 226
102 250
59 145
104 102
271 89
131 11
277 193
264 227
285 19
226 24
153 2
152 280
249 186
98 99
274 60
92 29
256 80
159 282
163 118
141 231
26 127
113 269
194 68
180 199
193 131
146 269
106 138
74 54
31 154
290 106
30 69
147 181
187 299
48 104
170 292
296 230
269 117
87 271
73 99
179 22
249 93
82 27
182 213
193 192
85 281
30 93
169 298
136 236
71 267
164 93
170 18
244 154
93 115
292 240
0 142
122 199
242 162
7 174
90 87
23 229
83 283
273 122
268 183
94 257
191 47
158 20
88 222
56 238
16 60
69 262
136 51
112 298
128 104
285 114
108 15
22 88
31 48
217 281
240 181
133 65
19 121
9 299
45 161
121 41
221 2
177 114
99 252
195 179
175 247
179 247
71 14
4 142
44 180
247 42
21 217
39 170
203 105
217 206
83 84
283 285
226 177
57 121
287 74
85 55
224 278
10 273
51 228
196 240
278 193
102 54
199 195
23 141
98 81
18 227
87 224
194 17
294 268
124 297
150 74
144 252
120 171
126 289
280 140
269 43
242 116
174 269
52 45
291 157
87 249
73 55
137 14
58 248
91 187
104 241
85 144
129 255
285 52
45 189
211 6
175 198
196 74
195 142
235 33
80 21
226 163
61 97
254 142
220 80
186 82
135 69
265 78
151 25
269 25
156 196
194 256
292 236
161 55
278 135
130 269
125 168
164 185
169 273
272 195
194 279
218 217
11 261
157 219
204 231
142 96
141 252
100 258
137 88
202 136
187 37
284 131
37 15
27 58
276 30
47 55
215 131
264 121
23 235
147 281
261 193
236 145
80 95
291 128
113 204
187 136
266 166
206 164
296 201
227 117
214 206
118 193
255 114
137 244
255 148
222 226
136 210
266 99
241 4
189 167
208 112
118 257
40 41
111 251
253 173
68 191
239 20
259 219
131 15
244 233
137 251
261 212
282 81
27 298
294 181
275 155
140 156
174 165
83 236
74 253
19 253
226 235
247 111
70 226
57 183
107 74
20 271
87 148
112 96
107 207
231 197
267 153
203 218
132 197
110 232
150 282
96 137
29 201
294 105
131 216
1 65
24 17
267 145
280 213
248 210
121 256
109 30
233 127
294 26
19 35
284 180
80 206
124 22
273 106
33 257
67 103
51 117
159 241
141 108
48 244
199 201
16 143
260 66
245 276
182 71
293 170
174 142
21 36
78 229
29 248
200 180
207 255
245 69
57 254
147 115
244 88
8 177
97 233
229 141
121 114
171 133
65 103
27 89
255 62
96 236
279 169
221 199
98 39
299 176
297 249
241 149
167 159
14 41
285 141
12 198
150 299
31 178
177 58
210 122
287 239
198 78
274 201
254 298
6 159
176 126
89 181
266 38
0 79
141 171
0 112
192 173
53 51
166 23
202 162
42 210
154 182
233 175
153 218
178 45
241 244
17 59
117 131
110 24
20 211
292 100
91 18
10 177
54 79
77 59
158 278
194 205
38 122
102 260
177 190
274 22
131 251
142 238
69 228
99 101
228 222
175 193
36 159
275 283
39 58
235 202
263 15
208 47
287 144
227 155
71 137
122 45
174 95
126 4
81 44
133 130
75 84
152 265
59 227
176 245
0 286
43 108
112 214
213 84
161 152
204 5
1 252
88 53
242 51
83 69
255 241
155 137
33 148
288 85
73 292
69 291
44 291
152 180
129 293
188 273
50 270
24 243
18 206
125 272
121 174
212 246
66 119
100 263
37 26
245 249
104 26
6 84
57 91
142 124
199 132
70 190
191 159
175 60
165 170
190 89
249 224
77 193
243 253
38 32
101 179
273 112
158 96
4 132
177 252
216 212
17 34
197 106
253 17
121 234
84 12
67 299
256 171
87 44
231 33
37 19
189 0
92 156
232 188
60 161
84 201
218 224
273 55
285 213
136 282
260 192
175 259
91 252
74 30
290 171
288 66
163 125
237 279
29 62
203 293
279 238
31 0
21 67
82 46
234 119
116 266
140 294
231 222
92 35
218 246
151 65
118 236
14 208
229 212
108 186
265 290
180 236
191 166
190 245
76 172
298 21
37 216
258 203
59 21
24 136
269 204
275 217
187 134
217 24
100 144
186 131
152 1
112 140
268 137
132 287
38 226
81 80
29 254
281 273
16 230
134 294
44 206
16 140
133 23
239 31
198 17
296 173
14 224
227 209
202 281
144 31
52 196
198 252
282 76
168 4
83 280
171 110
27 238
149 75
143 68
256 234
98 15
65 141
44 261
150 37
279 90
22 127
108 228
146 155
5 297
97 212
233 282
224 248
36 224
146 252
61 276
204 112
151 82
239 22
261 67
27 260
16 258
205 211
269 143
243 113
202 75
220 32
128 257
284 96
142 152
81 33
42 7
18 95
264 192
93 245
139 4
0 87
112 217
79 131
22 97
113 270
227 71
239 223
157 178
260 256
241 262
157 212
10 163
183 6
161 267
109 204
117 132
109 266
270 229
69 206
37 292
178 297
157 223
292 143
47 279
159 173
278 147
147 17
148 140
257 161
151 37
223 172
7 33
87 30
91 74
139 1
281 289
236 263
200 61
122 6
248 217
167 157
260 130
41 33
189 101
274 107
271 40
186 141
267 283
145 199
258 270
159 67
13 105
299 286
22 299
297 98
9 77
62 118
279 58
271 211
34 298
43 271
169 111
280 192
