500
2490
77 399 18
379 207 14
316 220 20
129 353 11
161 38 4
461 330 20
79 364 8
84 226 6
477 205 10
279 62 16
280 335 3
432 252 6
320 83 5
403 382 1
324 411 6
232 377 5
144 419 8
106 210 13
36 234 7
234 356 13
127 1 2
376 461 19
456 484 8
185 306 12
419 167 14
33 138 10
52 253 3
411 165 19
239 235 14
279 157 7
480 285 1
322 323 12
371 167 20
141 142 3
183 144 19
442 491 5
55 315 16
451 27 8
103 394 11
261 398 17
193 156 11
81 111 4
287 129 10
71 472 1
454 433 20
212 154 15
372 87 20
75 265 1
252 391 1
32 147 6
119 298 18
83 425 12
171 178 8
321 304 1
123 107 18
41 116 6
453 348 3
216 442 6
134 100 7
464 58 11
207 203 2
272 368 17
125 376 14
316 363 11
276 34 7
377 144 7
59 487 2
169 260 15
137 57 17
375 203 13
216 101 12
270 166 8
240 126 3
182 193 2
242 465 14
134 410 19
272 456 14
409 174 4
471 142 18
489 154 4
394 78 15
306 168 4
311 165 5
183 347 9
475 444 1
330 265 4
174 458 3
277 28 14
157 116 12
115 218 3
317 336 18
102 200 18
417 269 14
171 491 5
85 40 10
171 317 11
141 132 15
426 252 20
406 56 2
431 212 5
14 356 16
65 236 19
282 405 11
62 332 18
377 100 1
203 61 19
148 66 20
146 129 15
308 230 18
80 10 20
328 201 15
388 51 1
318 347 14
436 437 6
250 128 10
476 410 5
395 222 11
273 114 16
41 266 4
176 314 15
454 327 12
391 232 1
389 220 11
437 491 18
222 480 19
13 427 1
85 70 19
451 452 12
335 198 12
377 445 2
132 61 20
463 369 5
277 71 3
233 181 11
203 362 8
141 140 4
19 70 9
10 66 12
292 381 7
453 174 17
478 410 6
171 278 19
133 85 2
100 414 19
73 317 8
302 279 20
395 469 6
57 42 12
165 440 13
276 78 5
170 129 9
254 312 19
417 280 7
499 7 13
259 226 18
91 153 2
157 275 17
149 311 3
74 354 4
61 4 8
458 157 17
192 186 10
191 322 20
136 408 4
396 365 15
242 466 7
497 430 14
98 144 13
460 131 14
234 51 6
346 130 1
205 150 7
430 334 18
205 258 9
175 130 11
409 244 2
150 227 7
468 343 12
55 3 14
371 481 9
99 378 17
171 164 16
65 241 11
341 390 9
369 165 3
156 188 20
302 414 6
215 410 14
335 405 16
368 156 16
392 227 5
277 213 3
475 451 6
473 266 15
408 426 5
84 72 12
195 406 11
474 152 3
91 11 9
277 56 20
442 356 13
315 50 1
451 34 7
394 292 2
333 204 3
99 288 5
26 285 4
307 200 13
443 251 20
186 220 6
228 453 5
243 263 1
265 214 18
122 179 18
138 290 7
201 417 11
484 379 16
101 344 7
21 136 9
266 422 6
486 401 3
24 109 18
431 370 6
403 242 16
459 457 13
471 460 2
296 302 4
439 279 7
477 156 1
127 60 8
64 447 8
246 461 18
459 240 3
391 176 12
140 334 19
358 474 13
416 71 17
19 177 13
298 370 5
52 150 16
408 438 12
101 285 15
83 347 14
307 9 1
485 297 12
194 91 5
379 373 13
240 132 17
216 331 1
120 142 9
406 146 1
323 476 10
430 66 6
247 320 4
495 323 2
205 344 1
239 363 4
310 485 8
284 400 15
243 473 2
283 429 8
209 108 17
19 18 16
469 108 20
399 435 10
455 144 2
290 207 8
273 352 7
278 68 13
385 456 12
33 173 13
134 280 2
87 10 6
152 340 19
481 283 2
191 179 8
421 16 9
439 416 3
144 4 15
177 38 7
205 249 13
25 242 11
297 6 6
177 212 5
453 494 2
244 72 3
497 343 2
256 177 19
305 301 15
347 226 11
341 311 9
176 402 1
93 83 10
467 86 20
205 491 17
435 60 7
159 8 14
160 1 1
199 422 19
265 401 16
473 135 15
289 127 6
26 277 8
393 358 16
303 494 2
398 116 10
37 258 12
308 180 4
320 7 1
293 400 3
472 1 13
334 398 11
455 229 12
307 208 18
321 225 13
469 308 17
183 33 8
447 467 11
227 434 7
168 33 11
104 167 12
458 58 11
258 499 5
481 418 14
292 363 15
323 166 10
238 343 11
377 67 15
353 255 13
123 29 5
223 76 15
24 223 16
94 376 10
136 139 4
308 399 7
33 86 19
85 154 18
478 71 12
459 453 4
291 437 18
246 325 13
320 429 20
190 189 4
13 337 11
261 235 12
439 425 14
40 320 13
218 216 3
415 60 18
179 268 5
434 359 8
159 208 3
480 481 14
424 287 7
267 206 10
483 499 10
341 262 3
221 163 4
130 224 19
60 418 9
348 404 1
103 3 1
375 191 17
128 158 20
91 186 19
453 372 17
267 179 2
256 12 10
275 455 1
344 118 6
261 60 11
230 92 13
279 166 4
21 465 3
98 400 11
188 79 1
450 406 5
499 69 8
318 315 2
31 21 6
118 11 9
138 337 14
351 66 15
119 294 5
488 56 17
271 397 6
6 427 1
438 376 4
25 294 18
130 104 19
71 89 14
49 400 9
282 160 20
41 244 14
264 194 1
282 353 5
43 197 19
189 112 1
208 213 13
456 211 3
181 163 4
212 184 12
446 360 8
359 414 17
449 61 11
369 268 8
194 227 3
434 440 3
146 377 2
398 481 4
304 358 8
184 379 17
342 332 3
176 59 2
295 324 19
487 128 11
139 433 6
322 304 12
304 393 19
359 427 12
499 218 14
405 144 11
356 79 12
441 292 2
168 161 2
281 86 9
170 73 4
311 133 7
82 26 15
18 180 10
490 124 19
175 474 19
171 113 15
329 306 4
465 9 11
84 208 3
307 62 18
308 458 2
417 324 2
339 372 19
284 155 2
393 215 11
283 435 3
468 184 12
297 20 5
198 313 14
243 318 12
35 96 14
442 110 13
367 166 2
308 289 11
69 480 17
248 335 20
254 36 20
15 65 11
171 302 8
250 58 19
217 139 15
176 86 18
394 386 11
109 359 18
3 434 15
92 241 1
458 70 13
328 347 14
19 316 6
4 375 6
9 297 18
496 107 8
407 437 13
438 152 19
412 258 5
215 19 8
495 201 8
85 23 10
61 64 18
411 197 16
72 352 15
327 189 12
86 30 9
65 153 12
129 73 12
383 267 14
49 162 8
32 27 18
87 89 1
78 127 17
213 266 9
490 102 3
347 40 15
322 160 1
52 452 7
409 213 9
447 452 15
403 67 1
443 160 11
473 61 4
230 375 20
38 410 2
499 134 12
364 221 17
391 83 18
389 393 5
65 117 2
373 350 17
242 160 3
383 260 6
330 403 17
395 142 3
3 403 15
402 317 10
244 287 20
225 303 20
263 335 3
428 409 11
255 168 1
450 396 14
63 166 13
472 389 16
156 228 18
283 147 11
260 255 7
289 114 8
329 424 8
480 144 7
143 384 9
306 457 20
473 206 6
491 310 9
115 114 6
16 468 11
53 66 7
193 53 18
139 319 19
54 231 20
426 123 10
30 438 11
217 311 11
230 495 7
118 75 20
390 46 12
276 309 5
102 322 15
416 474 15
107 385 3
9 149 8
135 107 3
428 268 12
225 254 13
14 7 5
428 135 19
219 356 14
23 216 8
292 137 11
238 443 15
182 174 3
230 364 10
139 25 15
80 334 19
300 302 20
234 261 11
181 405 19
453 120 3
485 460 9
370 365 5
492 499 16
403 394 16
327 331 17
374 56 19
450 483 3
345 167 13
369 426 4
486 139 3
34 436 20
175 94 17
163 5 13
115 293 8
224 0 9
14 196 8
40 21 11
243 264 17
332 256 11
452 9 9
165 349 6
200 355 4
311 448 19
84 294 13
132 95 1
347 57 4
367 8 18
471 164 20
205 246 3
366 379 13
318 50 15
277 224 20
445 491 5
374 137 11
18 270 18
152 202 1
196 302 4
298 44 2
82 38 13
334 37 17
100 159 19
479 360 10
309 333 15
484 417 10
132 491 11
236 329 9
312 161 17
25 490 8
327 158 14
493 201 3
449 473 17
41 469 10
229 191 5
457 125 20
131 273 7
327 332 7
256 401 18
447 154 6
283 377 19
155 160 12
359 289 6
199 165 9
10 208 10
206 426 16
498 195 19
121 347 5
496 155 3
38 135 15
212 345 20
256 352 20
246 335 3
75 98 6
231 80 16
480 281 20
416 209 13
119 329 7
478 409 10
436 227 4
401 8 1
143 498 9
383 181 15
154 74 6
99 105 1
494 262 14
390 432 4
337 208 14
186 307 7
275 59 16
283 34 12
486 398 14
343 276 14
409 57 6
212 488 18
128 295 6
194 139 2
207 318 9
259 471 10
444 194 4
358 317 13
347 416 5
98 132 11
372 404 13
326 399 14
354 298 7
407 300 15
383 163 2
218 219 12
370 276 8
143 284 20
181 465 9
453 184 2
310 202 12
20 58 14
73 163 5
9 364 3
127 375 15
336 93 3
308 275 7
130 168 2
102 309 7
311 230 3
449 60 7
431 315 3
398 194 1
282 227 20
440 138 9
270 497 16
43 452 18
474 486 6
215 254 10
7 44 17
208 142 6
273 38 14
123 281 7
298 193 9
340 330 1
294 39 7
153 339 3
127 83 16
141 237 6
107 52 9
90 318 14
294 449 5
150 151 3
301 498 16
404 101 20
486 99 10
318 451 17
361 41 8
114 159 11
189 155 18
16 40 10
282 2 13
165 490 4
294 444 3
83 444 5
195 52 9
309 299 2
386 405 10
295 27 19
319 159 20
73 79 9
133 263 7
62 249 15
123 484 8
28 133 5
202 289 12
186 212 18
9 231 15
137 90 12
275 486 11
206 150 2
437 476 12
296 458 12
182 305 12
80 53 15
387 290 20
107 61 1
168 175 3
160 396 18
182 18 6
9 142 13
472 459 8
189 4 7
75 421 7
38 241 15
249 225 13
273 88 11
273 361 16
126 26 4
379 392 1
401 108 1
61 173 11
60 199 16
253 116 9
349 206 2
101 338 12
451 447 11
390 326 20
74 402 17
470 22 16
210 68 3
491 395 2
233 96 11
281 222 14
297 119 7
165 421 12
421 45 1
73 77 14
151 349 11
388 315 10
234 307 3
445 143 3
340 293 20
129 345 11
256 320 11
1 188 17
494 280 4
267 35 16
145 446 3
163 273 12
138 417 19
137 62 5
365 299 6
159 213 1
361 372 18
267 106 20
346 262 11
60 128 3
138 74 7
189 415 5
172 451 19
210 299 17
277 276 16
108 270 9
322 492 3
374 190 8
381 336 19
445 29 5
22 292 16
384 159 10
394 127 20
300 305 14
200 264 13
451 340 4
407 325 15
51 209 14
98 389 5
62 395 14
233 470 20
324 361 4
181 339 7
474 10 14
77 39 15
220 278 19
237 111 7
325 315 3
447 424 5
315 364 14
294 355 10
262 205 7
168 366 2
20 419 11
304 134 14
69 456 4
99 180 1
166 101 4
239 292 18
45 93 17
132 80 3
82 0 11
427 3 20
146 280 15
305 193 12
338 417 17
124 213 14
355 35 14
493 392 9
328 430 12
342 326 14
363 106 2
48 58 19
222 383 6
446 318 9
455 197 4
10 205 9
281 4 1
110 57 4
51 318 3
130 330 6
95 257 18
188 243 1
287 200 4
431 394 13
84 309 12
449 471 11
458 466 11
247 407 7
472 95 6
295 88 19
133 204 11
86 193 8
488 429 9
142 192 19
400 190 10
125 292 16
94 17 20
16 296 5
432 117 2
156 104 11
459 445 19
145 167 2
492 317 9
118 167 14
382 272 7
263 45 15
271 127 5
190 418 16
179 251 7
426 9 11
231 26 18
474 230 8
362 70 11
295 334 17
269 24 12
342 124 19
456 2 3
144 168 9
180 170 15
262 394 20
169 439 12
247 377 18
399 203 1
160 239 4
230 152 1
108 311 6
307 337 13
275 397 10
224 231 2
167 492 9
431 110 5
253 463 11
473 236 17
215 164 1
359 184 6
231 14 8
402 186 3
264 181 20
19 279 20
218 383 9
67 413 12
389 5 12
91 339 2
212 493 12
408 119 13
37 72 12
430 482 19
403 200 3
311 379 11
181 400 5
143 168 11
191 489 4
142 155 14
47 183 3
470 242 11
127 255 13
451 16 16
409 346 18
294 248 3
378 336 10
306 98 8
117 238 14
118 473 9
174 194 5
365 476 3
268 29 17
417 147 12
77 485 19
448 219 5
440 1 14
350 155 15
127 22 12
355 498 16
175 216 2
219 476 15
452 115 12
24 158 12
198 286 7
292 450 11
475 318 9
302 188 16
66 212 9
436 146 10
75 3 18
97 260 15
158 140 8
86 189 13
210 415 2
452 317 10
5 111 1
28 215 18
360 188 4
348 440 20
384 392 3
257 28 14
232 19 11
268 96 6
448 365 3
214 243 18
267 219 18
464 456 18
384 492 7
96 406 14
99 211 15
405 444 5
27 213 14
474 223 14
306 415 10
187 340 2
247 25 17
264 397 20
159 96 4
92 216 4
167 341 6
229 211 19
91 42 15
242 134 14
253 31 8
139 192 14
297 23 5
280 140 19
197 470 15
86 140 6
165 69 17
407 310 18
123 109 11
130 145 13
452 355 13
199 340 4
272 216 2
290 126 13
171 498 7
80 462 12
362 483 17
283 169 14
122 368 14
251 379 7
26 383 13
145 189 20
369 437 13
431 392 15
174 432 8
369 387 13
322 13 6
91 439 10
200 414 9
149 75 20
185 44 6
499 151 3
402 490 9
353 281 4
380 315 10
272 430 12
219 444 19
453 289 9
45 105 10
31 360 3
409 104 2
397 395 16
79 259 15
374 395 20
349 8 7
327 70 3
334 410 6
6 1 14
384 133 8
455 287 17
410 293 19
372 485 11
464 117 12
249 467 9
469 403 13
470 71 2
233 88 16
130 129 2
336 469 7
387 56 20
57 307 14
401 446 3
198 444 19
334 136 12
270 317 4
452 215 12
221 278 18
242 333 14
240 338 3
82 320 12
277 115 1
73 332 6
372 169 15
231 359 17
47 445 13
442 165 15
61 80 12
260 156 2
328 493 6
425 182 3
358 403 18
142 12 3
499 433 3
436 446 3
455 397 12
428 196 14
30 132 18
223 480 17
321 289 10
412 423 4
269 16 10
126 6 1
40 151 4
3 165 11
462 180 3
44 30 10
326 305 5
498 306 11
201 219 15
396 91 15
490 117 1
235 219 3
86 89 4
41 414 12
356 166 4
137 193 9
139 8 3
470 117 17
58 45 16
285 311 2
73 244 17
476 318 4
184 52 6
35 497 11
269 257 12
193 35 9
54 55 19
36 303 3
297 341 19
447 269 12
94 405 8
317 337 5
198 483 17
115 273 1
184 308 19
107 499 2
25 110 14
69 198 6
148 6 2
66 19 5
27 327 11
164 258 13
363 342 6
177 140 5
252 309 3
86 1 14
250 209 1
291 361 19
56 390 13
436 401 8
193 148 17
169 98 8
274 228 19
297 475 2
271 292 11
61 338 10
120 338 19
364 474 1
239 456 20
438 254 9
410 88 10
441 246 9
415 456 5
399 478 18
393 151 1
157 269 6
152 413 7
8 131 18
222 411 6
126 352 5
147 299 6
356 64 14
326 28 1
498 148 14
137 112 17
184 153 4
421 409 8
12 311 11
82 232 16
480 120 5
278 364 7
455 262 14
131 435 12
232 267 15
69 91 9
142 484 11
393 409 17
393 301 5
126 443 6
241 98 18
484 457 11
117 14 2
155 20 9
379 319 18
99 152 10
481 126 18
342 162 10
202 359 6
432 359 18
178 268 20
226 247 4
125 126 13
202 360 2
323 210 2
49 389 10
213 318 17
255 146 16
255 357 9
52 492 12
417 476 15
307 19 16
356 381 14
233 144 9
191 155 19
494 416 3
383 84 15
3 329 3
251 495 3
171 0 2
22 198 13
23 71 12
402 161 15
29 189 12
109 326 2
6 116 15
372 2 8
122 28 6
343 160 20
456 57 16
117 265 12
154 44 1
55 372 15
368 435 13
416 177 16
291 296 12
438 161 16
82 168 10
407 86 4
76 477 7
119 491 1
136 484 18
448 202 18
449 11 20
380 278 13
409 274 16
233 494 9
428 257 7
152 353 11
180 381 5
99 293 16
166 12 17
34 98 20
439 129 5
226 437 11
424 138 20
453 332 16
450 153 19
463 433 14
239 447 3
333 20 7
99 208 5
19 370 8
299 94 5
55 191 2
337 488 12
261 195 2
269 247 11
267 78 9
396 316 1
44 303 6
253 350 4
117 139 11
114 70 18
303 265 16
153 245 14
71 385 16
34 112 15
374 22 10
487 79 1
475 206 7
422 166 8
81 325 11
425 129 17
79 221 14
170 24 18
465 13 8
344 276 13
200 268 4
190 246 9
322 159 5
308 459 3
1 33 12
392 486 18
41 428 16
410 488 17
7 213 10
71 211 18
177 369 6
45 39 1
301 347 6
26 492 2
251 472 18
154 452 1
214 407 6
248 77 10
201 289 4
88 79 20
454 3 2
264 348 6
379 103 18
188 344 6
63 391 11
360 363 1
220 158 8
426 360 10
319 327 7
230 227 6
191 475 18
492 265 5
198 108 8
267 353 17
108 172 20
412 148 17
258 158 6
167 117 4
191 447 15
40 238 1
99 61 3
174 438 20
102 256 6
34 417 16
169 159 18
424 409 10
5 265 13
301 308 2
83 379 13
147 249 15
451 230 15
390 445 10
167 243 3
26 64 16
413 291 5
155 45 10
478 240 12
487 125 7
195 270 12
412 485 4
58 183 14
20 407 19
85 285 9
421 124 13
401 178 16
251 13 14
392 191 2
338 44 11
19 81 20
274 260 17
353 417 12
420 499 4
458 210 5
284 48 10
101 346 18
488 459 2
351 284 16
193 147 4
283 287 9
456 43 3
223 209 10
415 475 9
12 190 7
214 110 17
473 289 9
236 472 9
384 64 19
330 497 2
243 202 20
280 307 14
173 422 4
373 437 7
344 399 18
208 330 18
452 346 5
274 245 17
5 490 18
385 351 17
294 49 1
25 141 7
164 328 6
386 47 12
466 484 11
487 269 11
325 79 17
199 125 17
402 261 17
329 227 20
245 96 20
368 1 19
186 426 19
108 243 1
198 272 11
187 158 19
100 12 14
360 432 11
267 198 2
336 117 10
41 241 15
424 484 3
445 291 6
269 58 14
310 230 7
417 46 5
241 302 1
489 418 8
175 251 17
37 120 5
386 298 12
364 325 5
324 494 8
463 98 20
144 17 16
327 464 19
149 135 12
268 99 8
200 311 7
283 370 20
190 193 6
455 184 10
314 22 1
396 435 1
193 225 12
389 269 12
299 143 12
404 446 16
64 404 7
267 109 9
266 298 14
183 173 18
293 83 18
262 213 11
415 156 6
377 101 14
102 94 18
422 391 3
439 420 7
271 39 7
158 133 5
225 218 11
211 465 2
264 162 10
455 341 13
62 16 9
60 466 15
236 40 6
233 101 9
459 181 9
395 145 13
166 170 2
280 95 15
118 15 17
110 16 17
348 248 11
276 430 3
171 197 12
45 376 8
351 3 12
294 141 11
201 233 14
3 148 19
255 251 12
176 155 4
405 495 20
34 24 16
138 289 8
187 91 6
419 456 17
312 62 16
290 18 6
357 138 7
129 110 11
289 323 12
36 461 20
19 20 18
95 150 7
58 257 11
115 352 1
185 149 10
135 432 11
462 489 1
174 382 9
382 390 13
294 283 13
327 335 14
443 143 1
69 207 12
217 478 6
78 60 20
116 175 13
303 344 9
265 486 16
308 172 4
443 383 20
392 326 5
139 66 10
1 314 10
359 144 10
310 301 11
248 13 8
96 82 20
74 7 12
109 97 14
137 155 15
318 146 8
319 266 15
370 27 8
485 442 11
16 490 6
434 262 7
262 437 1
221 484 4
52 443 4
241 425 5
273 148 5
189 226 5
41 270 6
102 80 1
199 44 20
59 134 20
490 454 4
418 427 5
258 338 8
46 317 14
472 380 9
224 390 19
214 122 4
496 150 19
187 397 20
225 194 1
263 481 16
47 330 7
171 139 5
418 487 2
180 175 6
140 325 17
317 271 9
106 179 15
48 31 7
22 248 15
435 321 20
121 304 18
135 170 19
81 125 9
234 173 11
409 423 5
456 320 2
479 296 1
346 375 4
211 129 9
418 146 6
56 223 9
266 128 1
145 475 10
360 43 3
5 305 20
451 115 4
44 411 14
109 256 16
468 420 3
71 301 13
120 164 7
29 217 1
397 363 2
401 495 9
19 83 20
435 12 6
158 221 16
395 425 13
218 244 5
462 140 6
217 143 1
262 14 5
99 280 11
181 180 13
213 419 17
385 317 3
227 331 18
252 162 8
60 167 14
445 55 4
235 99 4
118 436 8
1 445 7
10 356 14
202 196 13
138 46 4
139 323 11
473 454 20
426 431 17
306 325 12
303 330 15
328 26 7
330 328 6
276 61 15
232 81 8
278 159 2
381 112 19
81 110 10
158 13 4
419 329 8
469 305 14
87 21 18
246 15 8
407 24 14
191 5 5
326 393 5
262 335 7
407 352 13
135 51 12
326 74 16
356 170 14
285 417 2
446 96 2
352 362 20
365 315 7
28 171 5
360 12 8
464 211 11
263 316 7
356 114 19
135 291 18
98 45 17
479 356 4
184 5 17
9 73 16
464 203 6
163 47 1
186 176 20
218 217 19
140 241 2
296 74 11
145 83 18
450 181 15
435 17 14
95 247 15
266 493 1
205 324 3
252 394 17
48 71 10
353 411 6
498 352 9
100 350 6
213 212 19
424 113 3
38 295 12
484 298 20
133 27 7
37 394 8
76 426 15
354 249 14
0 11 11
375 351 2
181 395 3
141 344 8
41 210 2
304 74 3
444 97 4
115 133 19
260 328 7
355 277 7
474 272 2
210 468 14
135 226 8
250 111 15
305 289 8
246 269 3
260 350 14
154 321 5
395 416 10
429 232 19
257 433 20
153 128 11
462 99 2
369 337 1
46 123 6
40 485 1
193 406 1
251 80 4
483 382 9
144 293 7
0 463 20
162 35 13
493 31 8
343 84 14
499 68 7
359 74 7
231 12 12
156 422 16
438 470 15
51 120 4
97 118 13
481 489 2
494 240 16
486 2 18
373 263 17
404 448 7
30 314 16
461 140 6
491 154 19
152 496 8
22 309 17
213 455 15
29 187 15
65 49 10
120 288 16
110 372 2
100 437 6
110 458 11
38 93 4
83 344 19
258 288 16
31 242 11
104 14 5
430 308 8
238 432 20
199 267 18
145 385 7
446 457 16
31 115 20
114 87 15
56 242 11
120 469 19
17 368 8
439 268 15
488 253 10
215 223 5
124 409 2
259 451 2
456 287 6
164 51 14
111 372 8
343 307 10
234 77 8
470 444 4
499 174 11
272 414 19
222 372 13
47 250 1
89 172 19
249 369 2
24 291 11
322 150 19
104 237 20
157 243 20
452 319 3
149 224 16
405 464 5
84 201 10
214 257 15
58 389 4
294 455 18
344 197 18
443 356 7
62 219 7
445 202 18
374 256 4
233 414 10
309 356 14
361 68 7
331 90 6
296 404 5
352 479 1
426 288 11
7 225 7
366 417 8
128 182 13
386 429 3
212 467 16
476 340 7
260 250 2
450 40 16
43 430 8
45 52 6
307 319 6
84 484 18
443 225 16
406 156 6
271 138 13
431 281 9
70 104 13
13 495 3
73 80 2
264 211 11
401 307 19
10 445 10
99 114 6
84 393 6
4 358 2
98 1 3
286 250 12
215 95 12
117 112 19
484 32 14
475 91 18
160 332 5
123 101 19
166 378 19
435 253 8
131 373 17
99 59 4
275 260 2
498 75 5
347 65 19
280 63 5
59 482 20
64 288 5
358 414 20
117 467 1
203 283 2
439 246 1
396 226 13
389 328 11
481 6 9
321 244 14
96 192 13
292 427 13
287 208 11
343 318 9
1 281 13
295 195 3
382 451 2
106 161 14
133 443 17
252 165 13
230 226 3
140 379 14
68 111 11
257 21 5
167 322 16
357 166 20
80 45 11
397 83 1
486 451 11
451 123 7
339 138 14
316 445 6
320 303 15
206 51 10
263 360 7
335 210 9
357 377 13
450 289 10
461 187 20
417 385 6
154 475 16
497 178 13
34 412 6
275 206 5
235 46 10
424 64 14
237 108 18
318 0 1
166 193 14
109 234 10
236 54 11
134 174 9
299 498 7
331 194 8
440 263 13
492 458 20
444 180 2
349 15 10
18 293 17
341 131 7
432 95 15
233 220 16
387 273 15
235 90 17
206 226 15
47 1 20
406 88 19
199 160 17
218 1 1
39 376 19
139 54 15
339 368 7
411 148 18
356 428 17
384 284 6
52 242 17
124 268 19
417 228 10
56 224 13
274 80 10
209 34 8
236 167 17
428 343 3
222 48 2
97 225 7
28 216 14
414 485 20
424 431 12
25 481 12
491 64 15
197 462 13
192 228 5
301 212 10
201 473 3
305 320 1
483 170 13
326 237 7
238 193 15
427 338 17
108 374 4
228 410 11
184 243 4
209 396 17
135 136 9
36 22 20
476 228 2
379 434 2
190 68 15
258 173 8
410 240 14
447 151 6
265 428 5
147 17 15
270 491 18
453 11 19
466 289 7
370 96 17
99 284 19
136 243 4
306 488 15
256 495 19
479 393 16
360 329 10
3 375 2
51 407 15
363 135 19
490 14 19
112 98 3
263 488 17
304 281 8
49 292 8
320 129 3
322 240 15
18 319 13
303 352 11
280 154 5
86 24 8
275 57 8
145 67 10
156 76 17
422 148 8
36 487 3
409 211 4
128 108 2
121 387 17
62 497 10
396 288 8
416 301 8
17 48 5
369 183 18
72 397 11
57 195 18
121 316 3
102 155 18
473 182 13
384 459 8
359 485 4
401 480 19
23 131 10
246 273 1
259 64 19
421 261 17
485 268 7
107 91 2
384 371 17
340 359 17
468 356 19
130 431 15
443 136 16
106 258 15
75 406 5
172 273 7
465 59 1
41 443 11
209 341 20
75 102 4
226 337 3
2 127 10
271 274 4
425 467 9
496 355 11
233 320 15
158 363 2
0 243 5
318 39 1
148 174 20
458 61 6
168 97 7
97 219 1
125 95 7
34 344 10
90 469 7
294 226 6
470 417 8
393 201 17
45 491 2
273 54 11
413 125 18
70 219 6
90 260 9
248 27 11
231 457 20
386 467 15
245 1 10
248 262 16
224 110 7
279 269 7
145 172 8
497 358 20
356 327 10
156 463 6
456 241 7
14 83 18
257 386 17
14 357 10
217 239 9
20 235 1
192 107 15
324 49 11
59 57 7
228 161 19
459 422 19
77 467 7
485 190 7
119 449 14
168 167 12
124 346 11
129 246 13
103 110 15
440 230 2
71 67 16
386 383 12
325 417 20
164 87 16
179 304 8
110 399 10
100 486 6
145 268 20
294 42 10
376 232 4
149 277 19
152 156 7
345 333 20
146 199 8
181 325 20
26 151 5
75 432 19
262 21 9
327 473 20
75 137 14
25 340 3
373 262 16
265 183 9
370 118 10
415 406 11
105 414 9
439 363 15
482 105 18
263 462 3
222 285 1
297 425 1
187 445 14
72 292 5
397 176 16
240 158 11
221 387 19
139 113 1
238 485 9
272 364 12
143 151 13
105 481 13
97 140 4
73 447 15
50 155 5
413 251 18
494 149 2
119 10 7
261 136 2
296 352 17
457 109 12
367 325 11
194 286 11
270 138 14
240 135 20
48 22 20
292 471 20
164 351 8
332 325 9
64 342 14
482 357 17
248 414 16
230 425 11
489 331 10
307 87 18
123 151 19
347 352 10
202 346 19
467 139 12
258 243 5
442 5 13
316 28 12
424 17 9
184 437 8
334 117 11
452 352 18
384 269 16
205 167 3
70 186 5
305 232 9
385 47 8
146 331 10
305 222 2
401 89 10
319 253 6
203 487 11
266 161 15
149 220 15
9 367 5
475 5 3
456 201 13
103 149 6
383 486 17
361 214 2
3 207 5
424 304 13
292 383 5
260 58 20
499 99 19
326 150 9
418 214 7
133 135 20
149 161 15
0 455 3
326 4 6
212 390 3
342 174 17
364 110 19
199 419 19
316 291 18
287 219 5
162 275 10
127 313 12
48 464 17
68 290 17
156 33 18
438 150 18
466 300 10
286 41 1
370 220 1
337 30 20
404 337 1
107 69 5
210 292 7
226 480 12
202 387 19
174 430 14
252 11 7
134 152 14
492 24 18
257 248 18
142 198 2
211 391 20
283 47 20
429 165 4
459 15 1
238 10 19
256 41 17
62 90 13
305 3 11
374 147 9
63 321 19
460 350 17
304 168 4
274 302 2
203 111 10
328 398 15
17 419 10
347 332 13
73 209 18
172 425 20
240 200 19
43 48 1
224 102 3
71 84 6
64 144 11
295 201 5
118 165 14
74 217 6
144 191 16
379 3 19
353 58 13
272 79 15
58 88 3
488 282 9
398 50 1
32 383 8
454 442 20
159 115 14
138 36 7
229 143 12
385 45 13
219 119 12
167 274 12
6 197 19
448 214 13
453 116 4
7 170 5
41 374 12
202 12 12
382 445 6
16 166 7
472 311 9
454 198 6
454 145 3
472 392 13
323 312 17
484 242 3
325 495 15
384 56 20
47 460 10
141 80 9
492 234 7
299 351 7
235 130 8
344 465 14
298 256 7
388 94 18
72 46 12
188 300 13
339 185 17
198 6 10
398 394 8
113 42 3
321 410 12
10 163 10
387 264 17
124 26 9
139 63 10
146 231 10
450 243 20
89 309 1
103 396 16
70 87 13
359 235 8
294 403 4
280 287 3
200 345 6
74 498 1
156 27 16
249 120 9
174 312 4
173 336 18
288 29 5
281 463 18
374 77 17
274 103 14
391 273 16
85 223 20
21 329 1
384 187 14
48 263 19
28 248 16
218 99 20
346 454 10
169 125 8
443 241 14
337 252 3
241 50 15
307 448 18
439 424 19
27 491 11
312 384 13
73 78 17
85 191 7
204 392 4
92 313 3
11 156 11
488 112 20
1 430 9
499 364 16
423 498 10
282 150 4
309 402 17
348 63 9
168 331 4
302 57 9
54 144 19
162 373 15
56 418 14
335 15 9
43 260 15
250 71 4
258 298 3
384 189 18
3 469 7
51 180 19
202 14 15
490 31 13
444 323 5
168 249 4
79 146 10
367 211 1
17 350 11
160 207 1
283 225 2
292 174 16
186 25 6
479 119 18
380 116 8
23 406 19
212 7 11
125 420 13
97 386 18
484 146 7
245 52 16
366 371 13
141 351 9
160 50 10
441 257 3
344 348 1
488 483 5
18 427 18
28 153 18
159 209 4
147 355 14
334 363 4
33 101 15
351 78 7
451 257 8
85 382 20
332 499 20
421 451 6
30 468 15
469 453 8
151 130 5
47 141 2
462 290 18
431 48 6
191 90 7
154 38 18
160 177 9
464 258 5
383 145 7
475 130 14
288 37 3
82 298 17
347 161 13
381 28 6
412 323 13
347 285 13
91 323 7
322 302 5
63 274 15
427 476 16
374 254 13
462 418 2
325 229 4
258 59 6
396 343 6
132 55 7
139 448 1
339 341 12
249 216 17
417 445 15
335 353 6
264 406 18
252 303 14
305 247 8
373 224 18
395 21 14
62 396 3
242 248 4
116 141 10
470 54 12
396 251 20
339 457 3
59 318 17
203 156 4
411 232 20
130 467 5
197 106 5
376 408 1
83 30 1
391 329 20
21 162 2
75 235 19
332 29 10
167 258 8
43 337 9
133 174 13
414 42 5
298 344 14
113 115 6
198 289 8
382 317 5
413 467 20
375 207 20
87 134 5
461 242 17
68 466 20
65 336 5
431 284 4
111 271 8
46 181 14
142 268 12
224 399 1
276 85 3
48 146 9
233 481 15
263 66 11
423 206 10
451 59 11
175 479 4
177 260 15
233 371 2
402 88 7
394 165 1
248 489 5
388 344 12
403 191 20
492 122 18
51 63 16
157 345 13
189 407 15
450 328 4
18 224 3
186 421 10
432 444 19
54 172 9
185 308 10
46 98 16
479 271 9
14 217 16
221 317 18
134 112 19
359 300 8
253 472 11
342 23 8
377 250 16
427 211 9
18 279 4
177 101 14
94 431 12
22 27 4
129 340 4
399 193 10
192 272 10
308 282 2
108 351 17
159 325 1
276 389 15
20 381 18
59 109 2
350 92 16
25 268 3
414 52 20
270 63 15
88 80 7
149 426 4
166 118 1
95 222 8
319 281 14
152 174 4
292 39 2
490 376 20
417 132 8
385 272 7
396 163 11
428 300 11
285 48 1
306 60 9
442 303 15
277 79 13
108 407 5
363 449 3
239 53 16
236 258 14
456 161 8
312 470 8
154 105 18
148 479 10
312 374 4
337 451 1
135 384 9
39 140 12
37 234 15
405 407 16
63 294 8
458 416 9
379 288 11
287 20 14
446 371 17
85 135 8
25 262 9
267 139 7
281 278 4
454 20 7
82 231 4
