100
990
23 11 16
91 94 6
96 16 14
14 68 16
35 78 6
44 96 11
43 17 1
22 98 18
29 24 9
24 30 15
67 76 11
44 2 10
97 20 4
46 33 13
47 69 4
43 31 3
94 45 15
74 42 7
45 29 2
65 4 17
34 0 9
55 48 1
60 63 18
72 60 2
93 64 3
96 75 11
65 98 10
76 39 10
59 76 15
18 39 10
87 93 20
15 89 8
43 10 3
45 90 7
72 65 19
74 20 12
95 19 11
33 44 12
34 9 19
5 93 13
75 51 6
52 92 16
59 94 17
89 56 6
1 84 2
71 18 1
54 87 10
88 4 20
50 26 2
59 41 12
2 48 12
59 36 8
26 45 11
4 46 9
32 61 15
77 66 13
14 69 13
15 1 2
86 30 8
54 50 9
22 61 11
32 36 12
60 84 7
91 51 9
28 9 2
91 48 15
70 5 11
40 48 8
64 11 12
80 84 1
17 0 9
65 62 9
32 41 20
71 21 20
50 37 14
27 90 10
85 15 17
99 53 7
87 36 9
14 83 17
77 31 9
88 96 19
29 8 17
43 58 9
9 21 8
29 94 4
75 39 4
50 72 4
22 4 16
32 7 7
85 4 20
3 71 15
53 17 14
30 84 19
9 53 18
90 66 13
92 71 6
64 19 7
20 23 12
92 24 15
82 98 17
20 69 14
86 34 20
70 67 10
17 41 20
7 79 13
8 56 2
75 45 3
0 57 1
92 79 12
56 24 8
6 67 4
13 49 3
17 3 6
77 92 3
27 71 17
12 62 2
38 9 2
65 73 2
9 32 6
3 26 6
13 74 16
53 92 17
30 68 4
86 45 14
69 54 10
75 72 2
40 60 2
57 43 10
56 59 18
12 38 16
31 27 14
53 15 3
94 77 3
92 40 1
79 27 15
92 44 14
14 11 16
40 80 14
73 39 16
9 2 11
10 47 14
87 89 3
98 2 6
31 84 4
71 6 1
30 37 13
63 39 8
55 10 1
91 43 6
5 99 3
57 3 2
66 46 10
63 65 16
68 54 16
22 28 8
27 77 7
61 7 9
50 52 10
97 32 10
78 14 5
95 50 12
21 64 3
82 60 5
64 89 2
72 82 14
23 32 17
62 76 13
92 31 16
79 83 10
98 42 2
56 85 12
10 86 11
39 24 8
77 68 7
6 46 12
6 70 20
85 18 3
14 55 2
93 75 18
53 25 1
41 69 8
36 7 6
76 95 19
80 21 19
73 50 16
17 99 3
33 74 20
67 4 2
69 63 15
90 93 6
38 18 16
5 95 8
63 88 10
2 88 3
44 86 10
50 46 14
3 72 1
81 33 12
13 71 2
17 12 20
13 95 10
46 73 15
30 54 10
13 31 1
30 29 16
72 69 16
12 60 8
82 76 18
53 45 18
11 60 17
40 50 19
8 96 11
17 47 10
26 97 1
94 67 6
53 96 7
9 47 1
82 66 1
33 3 20
33 53 5
45 69 6
30 32 19
60 69 5
40 85 20
6 83 2
46 82 2
18 10 8
9 14 5
73 99 16
45 31 2
42 90 15
91 1 6
10 5 16
87 9 20
82 24 6
55 70 6
47 35 16
15 50 10
91 93 4
24 77 1
83 34 14
35 87 4
30 85 18
39 86 16
40 71 8
51 29 7
7 75 20
40 35 15
3 51 13
85 10 6
21 17 10
0 1 1
51 64 5
71 58 16
32 33 2
92 76 15
48 47 5
85 34 14
90 55 19
93 35 1
76 4 7
40 42 16
8 1 6
12 31 10
7 83 9
98 21 8
94 90 2
44 77 1
48 28 6
23 58 7
30 97 2
76 81 17
93 27 18
26 9 10
67 58 4
70 47 4
97 79 10
15 17 8
95 79 9
16 17 8
5 44 8
49 47 10
21 75 20
97 68 3
0 4 9
73 75 13
4 63 1
31 50 12
51 30 5
46 22 10
2 56 18
73 3 8
11 43 7
72 12 9
53 87 1
89 31 16
58 63 15
70 96 20
74 99 1
62 13 6
8 6 4
45 72 15
68 81 13
93 57 10
2 97 2
96 99 3
92 97 1
6 66 4
12 81 6
27 64 16
34 46 8
56 88 7
83 54 2
68 34 5
38 19 14
57 16 5
6 9 20
77 83 16
55 74 12
83 37 19
6 21 9
26 83 8
13 64 10
1 9 19
39 52 4
94 3 4
56 39 19
13 3 16
17 65 8
36 19 6
66 98 1
69 11 2
53 78 14
60 30 8
81 2 12
59 97 9
77 53 14
30 35 12
92 88 3
25 82 6
16 18 14
21 10 14
17 11 17
20 65 9
20 32 5
45 74 5
63 98 9
88 76 1
41 33 12
43 51 19
98 56 12
85 14 12
53 76 19
8 35 2
59 88 10
98 96 6
7 90 7
31 94 14
74 72 1
49 7 10
67 47 14
2 35 16
86 49 16
81 96 6
32 15 11
56 44 14
93 41 2
52 34 2
79 93 6
73 37 1
99 42 13
16 87 20
96 33 4
66 72 3
21 12 7
16 86 3
77 59 3
67 83 7
41 48 7
61 26 19
12 83 1
31 34 12
63 80 2
67 60 18
58 12 6
28 92 19
31 67 8
7 5 19
39 33 16
21 28 19
16 3 11
63 53 15
29 63 8
83 56 16
58 31 4
60 43 2
78 34 4
93 37 17
7 20 15
8 71 11
20 57 9
79 63 8
25 9 9
18 92 16
59 16 11
84 42 7
43 83 19
24 73 13
88 21 5
38 44 4
62 4 16
81 74 18
55 38 7
73 49 14
78 88 7
80 24 3
50 77 18
35 4 5
31 38 9
77 41 9
4 74 19
94 1 3
43 65 6
69 61 4
82 21 3
49 14 19
58 35 11
81 51 1
14 54 14
52 38 10
88 57 19
80 33 2
40 69 17
87 47 5
12 53 20
42 48 10
15 57 17
4 2 15
58 66 9
89 46 13
5 14 5
98 73 9
30 48 14
87 6 9
85 33 7
84 50 7
17 80 17
82 3 18
36 45 3
70 48 11
90 69 10
82 5 5
30 5 3
56 14 16
34 61 16
86 73 11
43 3 9
41 79 13
48 49 19
39 48 19
10 24 11
57 79 11
64 69 19
85 98 13
37 99 5
73 41 3
80 9 19
82 6 20
56 30 6
0 14 16
39 88 15
21 86 20
19 26 18
10 8 6
97 95 17
9 95 5
19 33 1
21 99 5
8 26 1
42 31 14
86 71 13
9 37 19
49 19 3
66 40 16
40 76 6
12 46 12
63 28 5
95 21 10
75 3 10
51 53 20
60 97 4
43 71 5
92 51 15
28 40 7
20 5 14
51 99 10
86 53 1
23 75 1
92 63 2
72 91 16
2 92 8
82 9 15
88 9 13
14 74 1
49 5 12
18 72 16
75 81 5
36 8 19
9 75 3
93 4 2
11 82 17
81 49 9
95 33 5
5 32 15
41 89 8
61 50 17
17 45 19
41 57 11
65 83 8
12 40 1
91 75 17
58 61 3
86 76 5
81 93 3
1 38 19
77 14 14
46 94 13
92 58 10
15 40 15
90 99 4
86 89 20
22 29 4
63 73 13
64 66 5
40 22 17
55 5 18
85 70 16
72 98 9
67 97 19
39 6 16
11 26 9
68 82 14
63 15 12
9 39 17
6 92 8
94 57 2
78 2 12
18 84 10
48 57 14
91 30 15
82 32 18
50 74 1
85 23 2
32 80 6
44 82 15
80 55 14
40 96 3
53 47 18
85 76 18
11 28 20
25 46 4
41 56 3
29 19 18
0 46 10
19 21 2
5 27 15
97 5 15
54 29 15
60 28 20
94 15 2
10 19 12
22 16 18
37 90 13
54 58 3
69 99 20
74 53 16
65 69 4
39 35 1
68 72 15
59 65 18
81 58 17
63 77 15
19 28 4
11 95 17
22 32 8
72 44 20
60 35 6
59 61 9
57 31 19
69 28 18
27 35 6
31 54 2
73 25 12
82 15 18
33 0 16
86 65 3
99 23 3
81 40 19
9 54 15
9 0 13
98 84 14
81 53 8
12 13 7
94 84 19
98 61 3
37 20 4
9 24 10
66 96 6
33 87 7
26 42 9
64 12 17
57 66 2
35 73 1
67 96 1
5 40 4
68 65 19
10 51 7
48 93 1
83 50 18
15 20 10
36 89 11
98 55 14
85 41 2
51 20 6
27 17 8
2 46 11
18 32 2
3 90 15
30 96 13
54 93 4
75 42 3
33 28 4
40 55 4
84 61 10
96 35 8
75 24 11
44 4 20
75 4 12
56 42 2
69 34 8
33 76 18
20 44 5
49 69 9
19 47 12
26 63 6
77 99 13
65 11 9
85 36 18
39 38 7
17 60 18
90 85 4
51 24 6
42 22 3
74 69 16
44 25 15
82 75 16
87 80 13
93 56 11
69 70 14
5 21 9
36 51 2
56 34 18
10 97 13
99 33 20
40 84 13
18 73 20
94 86 6
71 46 11
39 90 20
51 15 3
93 14 11
30 38 17
4 14 3
34 77 20
29 35 15
73 32 3
39 8 2
8 68 12
67 13 6
97 87 8
28 62 6
80 4 10
11 33 8
0 2 11
43 42 3
60 1 10
12 78 19
61 38 13
1 57 13
19 1 4
60 33 15
17 4 2
52 47 4
63 91 4
77 45 20
36 29 2
88 20 15
15 71 2
76 75 15
17 46 7
59 96 2
19 84 1
66 73 18
79 14 6
25 3 6
63 89 14
53 42 19
72 84 13
45 47 13
98 83 2
53 18 10
7 46 15
77 48 7
4 98 3
84 10 10
6 56 12
39 67 10
86 64 13
96 65 14
88 50 3
17 88 7
78 56 5
93 21 16
14 67 9
92 46 14
72 48 15
25 38 9
9 81 20
74 56 11
7 55 4
35 79 9
72 67 18
2 90 6
22 84 5
89 19 8
2 20 8
6 51 10
88 41 9
82 26 1
92 47 9
97 91 15
38 96 17
20 21 20
30 70 20
8 92 11
43 61 1
92 65 20
29 68 10
82 55 8
73 1 19
17 35 6
48 83 15
98 32 10
0 19 3
55 6 3
23 22 13
1 50 4
49 36 20
92 13 8
52 99 20
34 42 14
50 66 19
36 22 10
21 81 3
45 39 2
94 20 7
78 94 20
46 85 19
58 95 8
49 40 7
57 23 17
58 82 7
25 26 14
64 2 7
86 6 17
95 47 13
32 17 18
89 92 8
66 88 15
30 64 12
90 33 20
35 0 13
93 83 18
53 97 3
8 34 7
21 83 3
70 3 10
61 25 12
4 70 6
61 30 13
19 32 16
21 96 5
32 49 16
42 29 12
38 78 15
50 34 4
48 66 15
51 12 9
18 15 7
2 1 17
15 10 5
2 29 11
95 49 12
61 5 8
10 75 15
15 78 17
52 68 16
78 18 10
46 8 2
29 41 7
61 70 4
54 51 14
6 28 4
45 54 13
61 35 3
54 91 3
71 69 16
73 10 3
14 47 9
16 63 9
41 9 8
13 94 2
95 40 19
95 28 18
29 76 3
97 37 3
89 35 18
15 77 10
38 16 13
50 60 15
85 64 6
52 82 11
69 9 3
85 78 10
10 16 19
44 83 4
8 3 15
7 6 12
42 57 18
44 98 18
18 36 7
24 26 18
67 3 8
29 73 19
65 67 8
73 45 20
58 4 15
11 78 5
89 7 2
9 74 13
43 33 7
72 70 16
1 75 16
20 9 7
35 56 20
40 17 13
99 56 17
30 42 2
97 69 11
68 79 13
87 83 2
9 46 15
63 5 16
71 80 20
5 13 9
30 17 13
75 52 4
64 25 7
95 61 5
70 99 10
85 79 14
49 53 16
21 40 9
85 20 13
99 97 10
48 61 14
24 85 9
36 40 8
92 48 20
33 86 3
12 54 13
35 91 17
17 6 13
70 88 18
28 76 19
80 98 16
37 34 9
84 56 8
74 97 8
77 0 12
58 14 20
11 3 7
22 2 19
13 61 16
64 41 1
50 65 11
6 10 8
67 29 9
72 42 19
61 11 9
60 90 16
71 34 9
91 67 15
77 70 1
1 96 5
93 85 7
81 20 7
13 60 13
87 26 8
9 7 7
62 21 18
21 34 17
53 3 6
65 2 11
36 41 10
64 81 4
58 90 6
48 27 13
47 4 8
18 11 8
13 57 5
22 67 13
89 17 15
30 90 4
86 58 19
56 90 13
23 14 3
86 99 13
29 82 1
75 95 6
18 25 20
95 2 1
62 41 5
74 82 2
76 37 1
74 60 18
17 67 11
11 72 13
73 14 14
71 48 15
17 84 7
74 19 14
90 26 9
20 66 5
31 49 10
38 75 17
80 26 19
3 21 8
31 87 6
85 47 20
25 98 18
40 34 17
5 87 13
2 27 1
46 65 7
76 1 1
97 25 1
78 47 3
48 14 14
9 76 2
78 24 9
34 14 5
13 80 9
23 62 16
15 25 18
68 15 14
6 65 13
69 42 6
16 30 12
63 70 10
10 44 1
64 91 19
23 63 11
87 85 13
31 9 17
55 22 5
34 5 15
21 0 9
26 22 19
64 10 11
49 42 4
6 74 5
25 14 16
1 32 14
46 21 14
76 30 2
14 16 13
86 3 18
37 33 16
