100
990
54 74
97 56
91 12
98 73
86 93
74 90
78 11
29 42
52 28
63 71
34 13
47 8
94 24
49 1
58 53
72 6
93 40
11 21
61 56
69 10
15 69
3 39
2 5
79 75
93 35
91 74
36 26
67 5
74 61
52 84
51 2
39 63
40 73
2 99
86 17
91 82
86 44
63 52
24 66
80 97
75 54
24 91
94 2
70 77
12 49
54 37
16 74
67 37
52 74
49 22
12 84
20 87
89 26
58 39
47 75
5 32
23 32
20 32
28 39
90 88
74 49
98 13
6 36
82 9
99 7
96 5
74 76
98 76
58 2
1 73
74 86
23 71
55 34
54 18
10 93
92 0
35 50
5 34
35 14
39 32
64 87
95 75
10 98
92 75
10 99
0 21
14 89
46 69
71 9
89 90
73 34
13 89
62 63
50 3
81 24
19 24
79 95
43 20
74 56
85 78
7 67
40 49
21 55
8 5
40 58
66 91
26 51
59 84
91 61
76 37
9 18
74 9
27 14
92 95
7 48
5 55
79 63
81 46
59 65
54 19
45 71
85 0
26 54
82 72
86 57
2 36
64 63
1 74
23 77
41 92
18 32
16 43
8 92
42 17
89 45
26 21
96 81
6 18
30 90
37 22
14 17
76 75
85 44
24 73
45 85
52 18
11 63
19 12
34 99
71 58
13 27
59 72
20 0
4 85
94 87
92 38
98 16
85 19
6 33
71 86
90 29
71 76
42 85
32 48
97 47
87 53
6 88
56 62
38 73
82 78
24 25
96 87
93 42
16 13
56 84
36 98
96 88
82 88
38 44
75 40
11 2
19 53
75 73
5 59
56 37
44 67
54 83
59 88
23 72
42 31
89 32
8 12
8 19
82 97
13 21
77 41
52 21
64 83
12 58
66 27
9 53
71 5
67 42
11 42
12 26
58 91
92 45
13 10
63 13
31 68
25 65
92 64
6 29
76 33
8 86
25 52
74 34
43 51
78 91
11 62
42 21
46 89
21 51
58 96
40 4
31 12
99 87
1 53
19 46
3 83
21 91
14 65
95 91
38 64
65 68
28 81
81 92
9 69
89 9
47 20
94 8
71 78
23 88
96 43
25 4
0 22
99 64
0 79
89 93
66 89
85 64
60 97
38 79
52 32
31 1
32 87
85 86
97 5
36 22
1 36
70 81
10 72
47 19
0 26
97 73
24 80
79 48
58 22
27 43
79 33
51 96
17 20
91 47
60 37
80 50
68 95
98 0
82 41
10 16
18 50
68 90
33 99
62 5
16 33
94 33
73 56
82 73
74 21
75 7
93 85
3 53
79 49
18 55
15 56
58 42
91 44
8 23
49 55
45 78
9 16
19 18
68 88
35 4
58 15
35 19
46 90
71 32
17 59
88 99
7 86
67 91
8 84
36 9
31 98
68 80
99 56
0 82
17 18
48 65
5 88
98 57
1 14
30 97
83 61
92 78
53 8
92 97
76 44
81 68
79 1
76 79
16 71
24 75
98 14
17 38
87 86
85 15
68 84
50 17
39 86
56 71
70 5
94 74
98 41
52 86
90 57
97 51
23 96
56 82
43 85
52 59
23 17
27 11
61 36
62 81
70 34
57 28
62 37
86 0
51 33
69 32
60 46
36 29
95 27
53 72
71 73
77 19
33 29
16 52
90 45
84 40
80 54
71 81
76 28
80 16
89 38
39 56
71 4
23 47
48 88
32 3
64 76
14 3
18 83
55 14
2 19
93 92
93 44
45 1
27 31
50 49
92 17
63 14
72 12
15 82
49 78
73 13
53 40
97 98
62 25
42 86
31 40
85 80
3 85
56 10
55 70
47 52
50 0
41 61
90 67
22 26
57 27
59 12
42 30
92 10
5 66
29 89
80 38
28 29
48 92
97 99
51 42
93 49
22 98
57 56
88 34
17 72
66 36
73 94
7 9
27 82
92 57
74 88
6 26
62 38
89 33
79 80
3 60
25 5
39 36
46 84
87 8
27 17
49 47
85 20
66 70
70 58
73 3
89 98
67 11
51 48
27 32
93 56
25 94
91 98
57 25
35 24
64 51
11 54
9 80
31 34
58 67
93 81
60 76
45 16
13 90
98 33
3 87
20 64
63 17
18 42
44 35
14 58
44 97
48 75
70 24
99 86
9 97
17 15
40 5
80 63
71 8
84 89
35 49
15 94
83 6
39 18
8 67
64 39
17 76
69 28
0 30
30 65
34 60
64 31
49 72
60 59
53 34
68 25
61 85
49 86
61 28
97 95
6 86
42 78
68 57
57 69
55 35
38 21
39 85
75 36
1 37
59 1
71 65
40 59
93 38
0 46
24 88
38 35
67 24
6 62
14 33
52 69
52 2
7 50
69 85
65 69
28 95
66 42
9 5
0 14
72 60
46 73
28 30
43 74
99 57
56 40
35 87
51 18
69 76
61 98
80 55
63 2
84 43
40 91
26 71
26 97
90 60
21 2
22 14
85 25
22 69
19 36
72 58
77 11
55 0
48 18
83 85
97 20
62 39
26 19
93 20
76 53
92 13
68 75
40 92
8 79
52 29
78 84
92 77
36 11
84 22
4 32
54 23
21 79
28 10
42 87
96 49
87 83
55 31
25 51
5 98
51 82
35 77
80 3
30 63
27 6
37 70
38 11
96 60
70 61
92 67
30 66
2 92
74 40
42 83
36 69
39 79
96 40
51 29
27 46
85 6
94 78
45 67
58 23
44 59
28 78
51 22
67 85
72 74
40 18
66 16
3 28
13 61
61 68
55 28
41 93
42 99
46 91
40 35
34 8
1 6
50 76
36 80
21 68
1 55
90 91
39 96
33 69
14 66
70 48
88 79
36 87
26 88
37 43
64 75
39 17
47 69
61 39
87 76
49 45
68 76
40 46
49 4
10 88
69 1
25 29
34 52
33 11
21 28
24 90
88 40
94 62
76 41
87 34
11 23
68 29
63 6
12 42
62 27
8 6
73 89
8 41
69 53
45 62
67 31
78 40
29 65
38 2
27 65
65 51
34 46
61 50
63 82
64 91
76 10
62 46
24 23
36 15
46 16
47 34
90 79
30 56
98 11
83 10
52 50
10 79
83 29
57 42
8 90
7 41
13 53
83 92
46 51
68 36
37 49
69 5
75 81
16 69
66 13
9 65
43 86
49 28
62 78
43 57
87 88
41 66
15 99
75 38
10 5
34 23
37 59
39 52
10 57
2 8
52 82
41 78
39 38
27 8
88 81
92 22
2 65
34 82
50 54
95 46
93 76
61 76
11 80
70 80
56 75
89 81
44 34
18 11
48 3
18 75
25 98
62 91
94 64
11 97
94 10
70 50
83 13
29 67
48 74
24 0
77 72
19 61
14 20
57 97
16 8
11 40
73 68
73 64
93 68
57 70
76 39
31 83
47 17
33 93
19 86
94 83
90 41
34 36
37 90
59 74
80 31
69 98
23 4
18 61
38 40
24 62
73 37
9 39
77 2
13 38
0 31
90 52
43 67
18 3
61 34
0 73
68 35
30 49
21 66
58 77
93 82
55 91
58 81
7 58
19 73
18 15
97 27
84 82
77 5
61 21
43 30
70 59
28 4
59 29
27 78
57 21
99 89
90 16
63 48
91 2
89 5
83 26
26 59
31 88
28 62
62 15
46 55
55 67
9 63
19 11
35 72
44 71
30 26
31 25
7 96
10 15
12 81
44 21
52 10
46 97
50 19
88 0
46 50
38 59
32 63
58 54
27 24
12 14
79 15
71 0
52 43
78 65
55 56
53 51
56 22
4 69
76 51
42 27
96 32
7 97
58 28
81 13
20 7
70 56
69 38
23 30
24 89
72 28
56 79
45 10
39 13
61 67
26 78
71 22
39 46
67 76
17 62
33 35
97 53
69 48
85 29
29 58
44 64
37 7
92 58
49 24
50 97
33 86
17 68
70 47
81 67
51 11
76 8
54 10
83 34
24 39
12 87
77 27
50 82
50 87
78 89
72 21
56 53
56 42
87 60
88 2
7 10
59 0
3 54
87 61
96 11
96 6
42 13
33 61
22 89
84 99
97 87
13 14
63 44
68 3
50 16
3 11
69 89
48 52
17 26
43 7
85 49
58 17
22 41
5 75
54 90
40 95
11 93
40 2
33 7
76 4
79 82
68 94
67 68
4 64
34 3
11 8
47 22
77 57
95 11
58 82
28 35
67 56
42 7
90 59
60 75
33 48
76 27
71 18
65 35
48 40
94 49
31 73
51 78
63 84
35 11
64 43
47 85
93 3
45 47
31 22
52 40
60 4
94 0
26 69
67 22
6 25
93 24
91 14
48 62
61 35
15 39
33 47
91 69
73 10
20 13
86 54
93 47
65 81
15 66
30 60
67 75
39 33
6 53
20 26
62 2
55 43
63 40
35 32
22 30
21 54
53 55
48 54
88 64
28 85
97 13
84 95
46 94
18 20
21 64
