200
3980
188 17
139 27
57 30
171 27
170 7
13 20
77 73
176 10
70 89
182 172
183 58
192 53
90 103
90 2
161 70
10 190
145 159
96 105
68 152
80 10
120 134
175 110
25 135
187 80
68 5
56 15
30 118
12 63
19 62
164 159
166 112
103 61
185 148
20 56
64 62
177 16
86 46
184 43
156 199
167 23
67 139
136 82
147 112
119 26
184 8
194 195
114 172
59 12
24 51
138 60
50 98
93 91
139 22
120 100
118 59
179 91
40 20
71 167
147 146
187 110
33 138
3 166
1 130
25 129
191 5
148 35
133 20
89 150
111 55
118 81
25 63
22 36
111 144
177 118
153 122
148 190
120 155
48 17
161 88
65 43
135 85
77 108
195 183
14 69
80 82
20 120
53 83
130 12
16 49
40 81
153 14
129 167
165 172
79 138
159 72
58 164
174 105
83 182
164 64
45 138
185 132
6 95
82 5
172 26
54 139
114 100
42 162
44 14
48 72
5 156
169 2
95 57
78 117
1 30
105 86
34 85
156 148
0 53
17 9
19 135
115 41
122 96
147 143
107 179
117 93
39 185
39 50
28 152
41 108
33 169
131 23
109 135
98 128
15 25
85 84
23 192
88 101
11 109
170 181
38 93
161 120
155 162
171 55
125 35
139 181
31 127
9 22
162 187
17 63
195 45
154 100
192 24
32 79
171 94
184 161
112 18
20 82
12 2
7 105
70 0
182 78
24 38
96 183
123 159
126 82
159 190
115 0
191 17
49 38
111 114
120 34
153 199
129 13
155 86
88 129
192 34
93 58
163 168
129 152
53 30
31 175
114 8
52 138
114 154
142 135
51 16
20 42
119 166
93 96
91 96
37 167
190 189
91 127
134 104
142 132
18 102
96 99
122 70
156 74
152 160
23 72
167 9
125 173
72 96
159 105
51 122
14 194
5 103
81 8
185 72
153 103
146 59
18 82
122 91
99 143
137 182
177 144
183 76
30 77
141 98
151 150
122 108
141 197
190 126
37 198
197 106
77 112
164 97
138 88
159 66
197 169
136 60
5 167
162 151
100 163
145 83
69 51
183 163
68 140
43 156
1 176
87 192
63 127
19 8
16 18
184 179
21 66
189 17
117 106
156 104
92 44
10 180
156 1
100 145
112 118
69 182
119 178
162 73
5 135
194 124
34 35
57 142
56 159
97 31
102 112
168 126
141 51
106 113
147 111
196 148
6 139
40 126
73 30
25 102
46 104
175 174
98 69
175 164
22 32
186 67
62 105
143 60
186 96
76 190
89 96
51 112
103 182
18 19
39 75
57 130
58 160
112 94
71 105
12 1
152 41
180 143
93 105
30 54
102 78
12 81
12 133
174 53
120 0
49 185
8 188
117 197
3 35
104 155
50 29
3 175
112 43
41 16
65 128
190 48
30 157
103 27
61 124
188 49
113 76
110 191
18 104
15 63
197 178
64 189
98 37
37 139
153 69
164 70
163 32
144 42
178 192
4 20
140 76
144 31
169 97
116 156
143 94
65 134
166 136
130 153
144 72
154 148
133 198
43 31
68 30
20 7
181 21
198 83
20 45
78 122
99 175
115 198
144 21
111 138
98 105
9 166
114 68
85 7
54 185
199 40
57 199
89 48
91 58
63 124
21 56
96 136
17 65
14 147
177 19
13 16
55 118
24 184
89 190
91 152
196 97
166 192
100 111
68 67
43 135
100 116
164 138
159 193
66 143
41 199
11 138
9 116
183 170
31 26
198 41
164 91
98 172
92 42
139 87
5 22
55 167
5 190
30 169
48 68
107 5
15 16
114 128
82 53
179 114
47 142
104 21
195 156
8 170
197 67
45 4
13 193
62 51
28 177
148 87
19 35
87 92
22 135
110 90
106 153
58 31
109 16
121 108
57 20
187 40
17 172
84 133
118 138
140 7
112 110
10 20
166 62
30 34
176 180
128 33
58 78
131 85
62 53
160 66
48 110
66 32
113 160
189 39
2 155
192 180
169 90
106 68
0 191
174 7
61 58
5 46
96 64
150 25
185 109
96 102
96 8
59 150
108 71
158 92
12 41
43 37
25 162
93 99
69 127
5 66
104 143
153 45
173 96
179 156
156 109
13 128
74 190
169 160
42 87
164 116
44 82
44 6
96 98
121 197
49 5
56 108
178 94
178 177
105 77
144 85
54 63
104 132
124 67
7 126
19 96
158 110
22 192
26 116
110 33
8 105
14 5
142 3
192 8
131 28
8 9
53 154
184 166
115 175
138 86
77 81
193 105
70 99
59 52
76 26
62 136
21 124
45 175
165 156
147 29
184 105
50 190
109 149
48 78
97 122
193 107
175 162
147 157
115 103
110 135
102 85
185 91
131 109
134 51
85 165
42 165
77 181
38 113
49 194
25 1
6 197
121 109
6 133
24 138
19 11
164 109
19 4
61 115
98 31
111 76
48 44
19 154
106 170
8 122
18 152
23 58
101 15
161 12
156 27
137 88
55 0
79 168
145 21
14 176
151 91
15 39
182 90
49 130
130 184
61 168
137 65
148 34
57 90
114 13
43 110
40 68
119 97
185 25
179 21
166 124
151 72
193 16
15 73
113 174
33 2
7 194
85 194
26 197
169 68
177 44
44 83
179 59
116 179
185 68
148 124
195 36
12 178
65 144
9 187
34 99
87 134
11 192
161 16
150 165
69 146
94 147
104 193
75 95
98 155
69 45
81 72
18 61
2 199
0 147
58 185
18 121
80 150
97 148
93 169
12 29
59 174
106 101
68 196
63 16
116 133
195 77
102 114
113 94
187 82
134 113
175 165
144 114
65 96
68 124
86 195
53 122
67 51
194 68
30 65
172 191
89 135
144 88
158 72
187 185
71 13
192 186
26 177
162 153
164 35
104 69
110 186
108 165
84 151
143 54
109 192
171 107
55 168
106 24
35 75
127 42
106 76
93 125
92 36
152 55
172 194
88 19
83 77
172 32
76 5
10 177
102 149
102 82
15 49
183 28
197 164
97 132
59 80
128 61
2 141
87 93
45 129
41 101
67 87
153 190
140 104
34 147
112 167
49 199
122 13
128 92
11 82
58 76
70 91
26 16
32 107
72 175
63 120
62 175
176 18
191 97
1 112
67 166
77 56
95 193
5 180
30 145
94 49
34 150
174 115
151 147
190 162
180 91
116 51
129 71
40 14
142 131
43 131
21 113
185 167
18 190
7 159
129 179
83 111
109 18
120 66
104 41
90 157
45 96
133 37
111 191
47 117
143 157
119 121
199 193
130 40
115 16
167 68
117 194
92 11
119 136
100 59
132 143
68 61
163 52
35 156
89 81
48 140
15 13
183 64
82 78
5 95
21 180
83 58
54 174
135 56
29 110
49 175
143 148
67 120
50 136
51 49
31 25
19 7
105 102
126 51
51 119
88 69
50 191
39 169
52 197
133 2
57 197
50 175
191 37
131 91
96 118
155 190
72 67
142 87
139 129
188 32
56 96
19 68
178 62
152 46
112 12
123 65
90 62
21 39
96 198
180 41
81 192
123 177
20 143
82 93
130 79
169 140
46 122
4 66
169 195
65 155
141 1
19 60
185 102
39 103
53 52
86 108
41 44
125 199
40 122
78 94
89 77
159 44
52 63
192 50
19 193
116 139
42 63
4 152
67 20
47 150
77 189
147 86
96 108
107 138
173 99
153 132
191 42
77 12
80 114
81 185
147 85
72 11
81 197
52 175
178 85
66 132
97 14
48 3
151 195
131 78
14 62
78 23
69 147
135 106
101 116
88 156
1 195
172 37
10 14
198 2
116 90
84 52
84 16
69 15
197 195
190 72
63 100
69 75
136 191
58 199
85 103
109 88
168 67
59 154
123 36
42 60
66 122
44 185
197 75
38 95
122 149
49 167
67 29
99 130
93 135
162 63
66 190
163 182
20 76
23 133
172 156
126 115
49 190
165 168
165 189
106 44
93 81
113 128
33 193
174 81
162 177
30 39
103 84
196 163
13 161
77 61
70 93
154 49
108 159
182 149
7 55
58 43
127 75
51 151
154 11
54 17
44 147
9 85
46 26
188 39
123 1
18 84
45 78
188 52
86 154
171 53
175 54
21 91
62 32
124 28
91 146
166 98
89 82
76 85
136 58
160 26
149 52
26 104
17 169
89 26
152 128
96 53
55 34
194 162
195 4
168 105
152 3
18 165
14 120
194 88
79 84
66 176
126 127
55 14
125 22
47 39
141 123
178 193
158 114
98 170
164 125
128 195
187 129
26 100
111 154
93 46
98 118
23 185
84 117
167 174
198 62
128 0
198 35
121 96
174 90
96 3
68 134
131 145
183 22
64 158
25 198
178 73
87 16
35 1
88 113
95 66
137 126
161 74
194 173
2 165
68 189
112 82
146 36
39 48
72 68
3 165
51 103
130 27
54 14
109 36
1 97
102 56
190 61
175 126
129 29
84 178
181 108
160 72
53 119
75 64
81 103
18 90
96 6
117 68
57 153
18 46
60 141
32 78
43 183
68 101
193 94
144 148
75 97
12 127
105 190
105 10
125 193
134 181
13 156
157 38
19 54
170 196
79 193
146 101
157 144
183 199
53 38
106 25
118 56
152 198
31 169
198 116
127 2
177 23
162 100
187 108
162 154
187 136
186 176
188 161
127 0
97 101
113 74
43 15
70 105
141 111
35 11
58 72
156 128
46 52
96 148
155 58
20 79
159 168
184 60
105 84
58 60
7 153
185 195
124 195
86 3
91 53
121 189
158 46
178 28
54 84
65 35
139 121
182 81
149 119
6 195
49 129
177 84
171 18
164 192
82 6
69 169
164 67
48 113
68 154
129 40
108 147
73 118
63 96
61 82
186 26
120 127
79 93
168 38
144 132
67 167
134 105
197 18
87 68
167 164
84 173
91 84
195 193
17 2
85 88
100 183
151 49
182 181
54 60
78 52
154 128
189 179
54 155
181 142
63 83
151 2
15 153
35 189
90 84
9 111
95 131
194 64
91 130
151 143
128 139
121 66
19 159
62 140
38 149
23 76
189 192
167 52
169 111
122 64
53 65
192 116
167 117
23 172
195 149
125 52
111 85
28 174
4 145
151 58
109 194
16 81
113 162
61 177
104 133
191 146
155 31
157 161
73 179
111 11
82 52
187 49
23 34
90 133
27 50
172 95
143 155
25 117
121 176
56 117
113 10
83 154
89 56
77 37
40 165
114 199
13 154
52 66
172 57
165 131
188 90
44 135
136 4
57 80
1 173
106 183
98 25
34 107
11 172
190 182
176 148
148 132
157 25
38 153
4 1
83 158
199 21
144 11
114 69
146 96
99 161
103 184
92 137
84 68
150 88
198 142
54 46
126 166
138 98
82 38
113 166
38 152
147 113
4 126
121 2
185 103
19 153
130 81
183 30
147 184
19 21
118 114
52 31
30 28
66 157
50 179
83 141
187 198
38 126
82 69
34 68
68 172
179 88
136 193
158 0
40 146
187 26
67 59
170 17
199 120
25 136
97 102
134 50
89 195
101 178
148 65
142 107
54 59
45 147
101 33
138 68
113 114
6 153
137 154
89 149
159 126
31 27
95 173
98 90
189 80
118 160
129 113
160 111
6 58
31 85
199 133
176 129
37 122
156 137
113 29
24 135
146 80
71 158
38 99
7 199
24 144
90 22
112 63
0 37
0 47
126 147
114 123
173 78
31 42
2 109
56 145
157 190
116 34
37 58
148 77
97 121
115 24
191 118
193 14
32 50
28 78
145 171
193 113
80 90
198 90
122 112
136 20
131 96
81 78
108 24
176 178
199 31
101 27
189 7
38 158
187 101
110 9
67 3
184 146
85 32
162 95
185 125
70 177
5 172
50 178
41 8
146 7
175 184
132 170
148 131
153 108
62 146
105 13
64 102
57 170
9 32
152 112
139 108
126 61
198 30
28 16
85 152
42 28
27 67
77 65
121 100
51 160
90 36
113 58
93 89
33 189
177 49
15 139
168 143
94 14
149 64
76 4
168 100
161 24
43 97
171 87
128 140
175 178
122 156
127 181
90 171
92 169
194 152
69 18
39 126
112 46
66 167
83 112
6 103
79 53
87 140
174 11
155 160
79 58
135 164
152 31
3 120
79 127
8 18
182 106
60 64
122 162
113 34
49 144
91 30
39 105
38 145
113 28
42 33
61 182
67 76
155 59
156 73
143 170
22 177
81 169
111 37
143 123
47 197
51 27
30 185
13 146
32 184
128 30
79 164
163 43
185 43
50 180
176 39
45 17
159 97
167 72
169 122
17 4
9 178
23 2
113 132
126 132
162 41
93 196
30 22
88 71
162 83
4 64
37 13
5 112
92 67
65 188
108 141
186 93
131 111
26 126
33 187
20 188
135 174
21 62
0 86
106 107
125 64
174 24
30 179
88 57
175 191
42 145
160 128
151 5
138 4
104 51
100 102
55 141
57 97
133 187
71 0
42 192
14 171
75 189
38 148
13 1
138 22
115 187
156 30
27 92
156 78
197 15
29 88
40 5
186 55
151 92
32 137
57 180
32 168
185 64
57 56
147 148
123 199
172 4
83 50
149 116
164 122
80 113
74 40
18 45
76 45
149 86
39 13
21 83
117 44
63 147
190 63
27 160
68 193
170 12
68 143
195 191
127 16
38 26
69 52
33 43
106 179
118 132
75 190
123 105
50 196
74 102
69 133
50 137
169 38
173 72
185 1
187 79
116 186
16 25
114 44
149 59
121 127
10 147
57 39
52 172
76 90
147 125
199 111
76 112
57 131
57 116
28 83
133 85
99 186
107 83
129 100
11 105
196 94
88 66
91 65
60 102
67 153
11 17
169 174
178 194
125 17
121 155
95 22
66 23
143 38
11 113
14 15
158 33
175 25
146 106
171 199
25 62
154 118
77 38
135 9
178 81
141 15
98 49
95 39
165 83
96 12
191 101
119 77
136 178
14 187
134 111
153 168
97 80
132 99
109 100
131 169
35 28
104 128
50 193
170 165
175 87
64 170
122 180
60 140
84 15
141 54
149 3
16 59
109 14
27 26
0 162
129 131
199 79
4 37
166 90
193 6
7 60
87 151
81 74
57 84
34 80
101 168
173 20
193 56
126 13
116 25
82 142
176 150
97 69
65 153
109 73
124 94
155 47
163 15
75 154
120 73
108 178
36 97
153 24
109 180
149 161
184 0
164 41
170 78
116 142
131 19
191 79
77 184
2 28
44 110
164 119
10 39
177 66
126 44
120 76
37 22
17 41
74 101
67 5
72 198
1 149
184 96
154 192
135 178
148 188
13 81
59 198
45 150
2 13
19 166
18 157
22 79
146 93
155 76
60 199
134 135
35 103
192 19
144 34
168 35
97 199
186 111
162 144
40 105
4 139
64 39
180 198
160 14
15 119
179 20
117 178
41 89
187 3
88 79
41 177
133 63
46 180
145 143
178 123
180 52
90 144
169 164
81 121
137 112
115 186
0 171
169 165
50 17
198 194
9 113
174 65
77 178
54 197
181 25
178 86
125 33
138 34
144 70
80 91
70 197
196 112
20 184
152 37
8 54
187 92
30 52
2 92
198 157
126 29
87 150
98 86
81 15
16 39
99 148
10 38
140 133
126 189
149 49
117 71
191 23
62 183
146 41
0 150
76 2
193 82
157 160
1 73
69 92
85 30
18 107
134 163
22 113
44 60
162 21
121 114
196 106
142 128
31 74
40 148
66 56
136 176
169 137
84 112
100 19
114 53
65 162
71 16
1 93
135 45
16 198
68 65
195 87
89 51
34 31
7 48
26 13
69 161
166 8
25 141
70 192
173 101
170 32
33 71
141 38
84 24
1 118
136 141
104 82
156 50
170 10
121 156
78 15
168 42
103 2
49 13
57 61
21 174
25 193
156 149
7 156
85 39
160 156
23 151
1 142
4 11
87 110
183 145
84 146
108 13
150 38
182 162
106 188
136 160
39 53
78 132
4 168
16 9
164 88
15 144
142 2
106 121
70 127
165 72
182 14
2 167
197 78
156 17
144 19
166 25
11 75
158 39
193 140
102 148
44 98
155 52
67 31
181 82
9 146
99 64
79 162
74 189
170 73
118 167
113 59
24 8
10 158
16 187
12 74
1 79
90 6
147 22
106 88
110 14
14 75
192 107
177 60
60 83
179 36
199 151
91 121
192 128
80 175
149 93
82 183
45 122
94 150
12 141
119 42
11 193
194 118
126 5
94 8
46 21
18 67
137 97
95 151
60 24
61 29
150 78
19 59
186 139
6 4
7 167
31 77
198 197
6 34
38 9
141 142
33 22
84 138
2 67
196 27
54 103
67 157
191 38
3 173
199 148
186 8
41 150
143 0
184 170
17 113
148 73
158 17
160 69
72 149
175 167
122 71
63 85
49 146
4 164
158 20
9 193
195 98
185 153
94 146
28 194
54 146
138 122
78 179
12 173
172 121
18 59
81 1
104 168
113 127
53 177
131 66
64 128
1 163
46 77
20 32
57 188
132 46
72 107
18 88
174 25
156 135
35 74
78 138
0 41
49 77
43 111
97 118
20 170
10 123
165 106
80 24
9 43
197 96
73 129
190 26
71 67
79 105
101 143
111 98
25 11
41 36
51 143
172 43
185 161
48 156
142 49
131 41
43 186
57 182
30 55
117 135
105 83
192 33
35 199
69 24
77 17
129 67
121 178
183 102
100 14
55 117
61 108
63 194
138 110
34 97
105 69
55 47
36 163
178 29
59 116
28 175
20 174
43 158
15 134
158 198
19 78
91 10
188 199
170 54
106 191
12 78
41 172
98 65
63 23
106 116
131 34
128 188
67 47
85 58
140 74
55 115
53 124
61 35
135 49
70 16
160 91
134 64
175 86
152 130
187 190
36 137
44 31
67 85
32 135
192 91
123 195
0 123
187 67
136 54
131 138
177 32
180 85
198 123
10 33
100 141
35 196
92 183
80 197
164 45
46 84
50 72
176 198
136 18
98 57
66 146
102 32
130 5
39 55
163 83
194 156
26 79
82 96
91 166
9 90
48 87
1 67
28 27
146 64
148 118
69 189
196 8
33 82
106 172
135 60
67 155
122 179
46 95
94 76
123 58
100 10
26 181
41 31
0 68
48 81
82 100
107 64
70 156
95 132
163 42
98 167
190 133
116 119
53 9
68 8
120 46
33 196
38 118
42 120
104 56
0 80
119 46
33 61
175 103
26 74
78 73
170 131
130 83
35 160
40 22
93 48
174 185
73 139
30 75
57 160
94 129
25 20
67 172
94 32
83 157
139 34
110 177
71 173
46 115
20 103
107 56
32 157
75 5
124 102
93 136
16 83
96 84
33 27
41 9
114 18
186 49
56 64
18 27
136 74
78 141
121 65
97 19
139 80
83 5
72 120
86 2
144 62
60 165
192 143
146 90
193 73
16 134
89 58
131 88
75 146
190 101
169 26
102 159
19 46
114 176
65 23
172 88
22 24
53 115
86 67
147 76
80 137
184 188
36 144
134 77
179 135
173 155
66 68
23 176
146 20
84 171
61 91
144 66
34 195
83 26
36 79
58 57
8 124
165 188
141 35
38 20
58 141
186 65
137 61
178 64
64 172
55 18
129 125
53 21
108 133
140 59
78 60
87 166
9 7
88 2
179 168
15 50
25 158
69 36
88 76
86 152
112 181
31 188
191 115
52 124
197 187
197 115
55 131
186 28
167 62
17 67
34 171
114 27
165 20
124 153
91 114
43 199
170 3
13 170
105 145
97 21
156 103
193 158
122 86
188 58
24 123
55 78
76 195
69 174
48 114
103 21
34 11
197 110
13 7
171 29
28 5
8 175
5 64
137 161
130 138
196 125
27 183
102 3
144 182
56 86
132 107
3 97
188 28
162 75
137 78
187 12
41 24
113 61
35 113
33 18
188 41
36 74
196 144
7 86
72 177
25 91
49 121
178 83
99 82
34 102
162 66
31 66
162 147
74 59
87 155
41 61
108 62
39 111
95 106
24 163
127 60
26 136
3 60
42 3
187 165
36 38
170 136
74 95
161 178
57 36
178 70
184 182
192 21
197 71
161 170
55 185
80 73
189 140
29 179
17 64
2 148
170 70
57 18
117 151
65 147
112 106
140 72
100 64
0 40
102 29
49 143
29 103
8 152
62 130
199 62
120 114
103 114
192 10
97 109
56 2
180 114
2 54
69 8
92 138
44 191
172 46
194 24
74 54
66 49
97 67
191 144
146 105
35 170
6 194
186 196
76 84
147 103
198 185
183 42
0 59
198 181
193 124
136 8
136 38
53 17
36 5
17 104
40 163
62 170
103 190
181 195
190 99
152 186
39 73
111 115
190 95
38 177
18 58
106 120
18 14
97 178
119 103
182 115
155 85
149 5
80 183
122 100
94 163
77 122
145 90
149 150
28 160
144 102
2 20
199 23
78 169
173 63
23 91
61 90
85 137
14 64
150 163
162 18
75 155
186 58
18 31
143 120
150 141
114 59
159 12
0 33
116 40
112 138
32 34
104 179
192 88
180 68
91 187
166 84
41 47
60 116
196 197
86 184
43 114
52 79
37 63
102 93
146 57
4 90
10 163
73 101
152 94
93 114
161 28
123 25
189 120
168 33
109 23
166 143
152 197
42 68
107 87
192 76
167 89
198 61
91 15
140 18
4 60
194 153
58 178
2 111
48 120
28 197
184 134
121 85
134 60
31 22
87 86
63 92
30 106
198 130
85 40
80 40
115 95
69 6
82 154
3 185
74 49
179 44
6 51
160 109
73 114
156 188
110 123
21 27
100 179
160 61
77 28
198 5
54 169
145 34
35 47
194 95
10 1
86 187
50 140
150 39
117 30
104 153
161 49
137 13
133 192
107 21
34 156
40 124
149 100
58 150
147 128
48 82
191 120
192 3
14 162
8 43
134 57
6 119
159 103
92 186
95 164
127 160
169 25
139 105
198 186
141 137
194 78
43 129
28 164
95 184
152 43
26 96
32 166
84 180
83 124
182 88
85 192
29 189
26 18
43 109
159 49
77 33
139 192
173 45
126 1
141 61
185 199
104 14
132 30
183 107
12 35
106 37
56 30
56 27
156 26
81 87
143 198
42 133
152 93
13 134
82 132
84 80
84 153
40 10
40 189
173 184
189 154
187 36
192 104
178 68
7 143
116 80
164 94
162 4
183 122
99 59
26 9
169 40
46 184
154 22
14 165
117 81
190 156
118 119
163 20
181 106
2 44
175 128
50 95
105 65
15 38
84 82
87 182
53 187
94 81
72 44
5 144
47 61
73 81
165 138
162 78
47 169
142 153
14 190
157 122
190 85
100 103
85 17
77 132
148 117
178 138
177 34
86 180
74 117
126 113
162 76
96 15
171 39
198 4
82 150
6 40
21 146
54 172
43 32
35 107
110 95
36 51
90 48
139 166
71 172
16 104
111 59
109 77
190 193
136 173
39 94
122 113
97 177
171 61
198 126
130 32
33 97
111 25
168 52
14 105
61 45
198 89
191 49
19 70
50 166
1 90
144 23
75 2
199 194
191 166
59 17
6 182
151 161
102 53
149 31
79 10
19 14
1 46
180 81
189 142
199 66
191 129
129 145
47 159
73 168
152 118
12 97
13 153
110 152
142 13
16 3
88 149
168 187
132 8
190 3
188 21
149 186
122 198
86 60
59 50
67 195
183 59
83 108
108 44
97 5
41 176
110 111
15 3
147 41
112 58
127 119
136 150
113 83
134 101
111 62
74 51
120 171
146 131
169 130
111 121
3 134
33 152
93 3
136 138
11 191
88 1
158 58
30 181
111 78
17 95
108 95
143 25
3 135
184 193
22 69
163 172
87 117
168 26
4 102
158 1
128 25
123 144
131 27
105 129
52 76
49 97
184 142
65 0
198 39
146 176
141 36
2 51
20 66
172 9
44 7
109 151
74 164
188 16
61 169
134 14
112 32
79 109
144 3
198 189
64 50
176 7
98 188
10 142
184 16
115 177
135 39
129 7
122 163
13 184
10 138
101 194
140 11
33 194
153 77
189 55
88 163
150 132
88 133
58 119
147 75
127 54
191 1
162 142
10 169
180 190
71 24
90 3
150 20
42 109
64 40
188 129
107 17
8 148
196 22
10 31
1 29
109 104
63 38
109 181
84 120
106 27
113 82
191 93
31 76
148 127
107 100
120 23
149 54
84 8
176 19
165 23
98 113
88 75
58 17
37 40
48 181
14 173
48 35
188 103
5 154
37 65
130 9
171 168
148 22
189 93
158 134
25 168
185 59
192 20
8 183
154 32
107 182
193 87
44 137
164 131
166 45
145 138
58 152
125 182
116 103
85 199
79 89
2 170
168 120
185 88
60 192
115 1
189 90
101 96
196 165
150 21
83 43
107 135
146 43
35 177
198 69
188 95
84 135
47 44
12 48
58 59
7 187
59 145
9 98
45 33
126 105
96 123
165 92
73 155
181 92
77 41
82 31
119 91
74 73
116 7
82 140
148 163
121 50
106 132
177 27
40 156
82 97
90 192
46 31
180 100
34 63
93 103
6 152
21 125
176 20
9 67
134 125
61 73
61 185
198 137
147 100
30 2
75 118
147 114
151 52
98 192
2 43
15 156
129 79
141 28
132 35
49 73
134 166
40 186
51 77
80 60
174 101
134 12
46 128
178 115
59 157
42 97
24 111
65 69
158 104
79 7
153 159
170 162
125 32
188 76
154 31
73 35
91 59
8 87
27 59
110 107
65 166
180 139
25 154
186 174
70 179
99 195
45 124
195 131
112 192
109 85
97 6
10 64
92 192
3 179
66 109
74 114
71 144
85 82
35 88
141 179
131 31
142 115
96 176
95 149
101 59
7 68
3 88
2 48
105 30
167 168
73 195
81 67
11 70
91 69
120 49
177 94
52 183
155 100
171 68
18 159
47 174
143 91
129 135
74 171
62 18
198 151
198 3
81 196
14 128
53 87
125 59
129 170
161 146
30 61
97 28
145 157
165 30
46 125
117 22
36 186
167 100
4 51
73 99
76 171
103 65
33 186
89 72
11 93
25 159
107 166
67 70
71 44
36 59
17 109
136 103
43 174
32 13
167 83
119 169
52 116
155 105
39 149
193 172
68 16
34 100
17 126
32 65
186 125
180 8
95 143
112 39
103 180
51 21
47 17
33 56
83 147
90 39
192 193
191 10
59 143
31 157
124 98
123 49
127 36
1 42
124 101
79 76
114 42
188 176
24 121
95 113
9 12
26 188
29 187
115 57
168 64
42 79
92 46
43 4
119 28
54 111
178 92
22 111
60 146
139 57
30 25
136 120
152 54
119 24
112 168
135 58
100 153
61 149
115 121
173 55
199 19
107 112
52 73
162 119
156 11
103 150
171 33
102 42
115 168
159 137
195 52
178 60
3 75
129 59
100 157
133 95
128 94
0 84
93 77
28 49
15 82
145 12
117 6
130 80
27 166
82 137
119 14
50 120
159 130
30 12
15 191
19 64
68 14
19 169
70 174
117 31
189 159
133 77
138 195
66 72
109 74
95 146
197 41
193 78
123 111
74 197
101 87
159 187
185 21
114 7
19 124
27 187
45 192
150 83
111 27
86 127
178 159
78 72
74 11
104 48
182 22
87 24
81 32
29 162
112 156
169 60
86 58
36 29
131 123
66 192
199 63
90 52
23 47
158 186
16 179
23 149
111 17
10 41
9 40
151 55
88 197
35 100
164 166
173 109
105 58
78 53
95 43
130 122
18 75
75 101
145 177
80 128
27 175
175 96
164 129
85 69
50 57
27 193
71 36
74 64
15 142
60 37
80 98
115 58
165 53
130 133
110 142
112 70
178 54
64 59
134 6
142 111
29 32
48 133
134 114
144 184
130 63
194 154
24 181
81 82
7 110
145 121
102 116
31 32
172 160
75 104
51 93
117 13
92 66
15 72
174 46
74 44
77 5
27 129
146 179
31 129
31 184
61 23
78 125
192 149
187 103
109 189
18 133
119 157
57 4
184 26
71 114
32 128
166 171
196 169
46 0
162 131
121 160
124 181
3 62
87 38
113 92
37 68
135 163
125 43
70 27
56 12
197 156
179 98
93 172
140 158
161 142
118 126
142 70
154 99
92 52
59 197
73 10
169 148
103 99
79 172
197 149
117 23
95 86
5 0
8 32
130 18
39 116
137 139
48 178
88 148
183 35
34 50
118 41
170 95
112 17
142 182
181 151
195 68
163 99
197 94
177 86
96 147
164 9
141 183
167 194
118 50
158 67
157 17
66 55
100 11
92 31
6 85
58 165
36 9
82 22
64 157
2 135
58 94
79 118
74 93
83 1
108 163
73 8
135 54
116 22
36 178
100 138
16 10
196 195
178 189
154 105
173 64
150 17
59 106
48 100
114 117
87 77
158 97
105 158
14 89
56 32
72 69
78 84
25 22
198 70
22 165
129 6
23 129
156 163
111 189
133 197
80 31
80 47
164 1
42 117
6 143
132 37
164 165
67 48
160 25
87 40
30 144
141 66
58 66
42 199
151 36
164 121
53 107
161 53
53 72
51 94
148 111
168 125
130 141
120 146
48 5
98 22
50 104
138 47
197 150
70 171
141 68
197 22
94 116
166 170
89 173
186 25
154 12
142 176
11 61
17 143
99 61
166 145
0 190
115 87
74 80
2 31
46 189
92 145
80 26
53 6
89 184
66 185
115 154
147 28
148 11
62 152
119 38
58 13
153 182
164 194
165 184
171 152
185 18
47 147
16 132
148 25
36 15
7 11
73 171
21 30
134 20
9 196
118 140
106 39
197 72
3 138
82 156
149 8
77 120
176 156
85 175
135 18
51 18
176 25
143 183
98 42
48 112
151 142
87 184
65 16
132 9
192 156
85 83
185 147
55 178
120 132
40 144
127 198
137 30
12 168
179 159
114 148
79 71
85 0
72 6
130 74
168 185
1 7
2 138
150 73
82 159
154 73
81 22
196 65
178 6
18 161
169 124
88 43
180 105
89 130
23 9
178 169
132 138
12 85
35 145
101 16
69 13
161 113
53 188
35 78
11 181
64 135
41 149
63 110
196 194
185 56
131 140
70 10
172 112
165 27
199 139
78 68
134 52
155 107
100 41
164 199
199 99
165 151
96 39
165 122
191 173
99 54
5 44
150 10
88 48
25 17
0 95
180 98
172 12
51 11
26 148
117 130
68 177
73 107
74 165
95 186
42 32
143 32
90 72
29 95
46 193
150 14
108 131
162 40
163 119
43 128
143 184
170 87
72 134
64 45
37 88
194 170
195 0
193 116
9 141
184 6
50 84
98 134
105 136
19 149
57 60
184 115
35 184
128 95
195 148
77 143
34 157
52 14
135 167
22 178
151 30
110 26
85 2
90 155
77 165
72 128
48 149
109 152
28 47
133 99
158 98
46 161
65 19
52 129
161 159
29 154
149 173
76 184
187 51
175 29
77 191
35 25
102 19
101 137
169 7
68 120
163 61
116 53
172 117
179 7
173 193
94 44
183 0
186 14
182 126
32 194
185 38
57 76
27 49
24 62
110 172
33 141
43 12
125 120
179 2
65 163
84 163
196 160
130 118
160 102
20 90
49 183
54 92
173 130
71 49
123 77
176 46
66 164
62 139
28 54
30 126
168 53
17 151
4 89
100 158
50 172
52 192
77 16
117 73
153 166
117 51
127 191
8 174
118 179
176 86
125 25
184 14
27 88
62 99
61 164
94 165
70 154
174 30
150 156
82 47
189 124
158 141
61 72
165 179
53 44
60 27
198 164
8 59
171 96
35 17
192 153
114 94
55 33
119 60
7 186
90 73
161 187
182 154
121 167
15 76
133 59
173 88
139 177
79 121
131 70
170 72
9 102
108 107
199 163
165 129
98 40
90 108
40 57
114 72
25 107
78 67
100 112
104 139
157 44
154 94
177 42
63 57
46 109
150 198
19 38
109 38
62 132
24 56
169 85
89 132
47 111
39 87
142 186
174 60
45 13
29 49
193 182
10 2
195 115
2 126
168 99
109 47
173 82
7 160
111 184
149 84
184 68
13 21
47 194
28 168
91 12
163 62
83 25
141 161
91 46
179 136
174 96
135 47
148 189
18 1
123 129
194 75
167 73
105 133
92 106
188 64
55 199
153 89
22 76
28 146
84 4
151 99
189 43
127 29
10 84
37 83
69 5
21 168
153 128
85 33
110 89
185 152
101 34
154 152
29 66
144 91
170 159
69 57
161 145
189 197
112 159
97 126
165 48
155 93
108 161
13 91
152 2
72 188
89 116
104 102
180 15
118 161
97 170
105 54
189 133
145 153
10 115
115 119
24 6
137 178
60 97
77 183
61 76
177 197
40 142
21 110
119 52
1 74
130 55
53 28
196 113
13 31
84 164
101 54
23 171
8 130
178 19
199 93
47 136
67 88
93 194
180 115
171 162
123 12
173 58
67 151
87 146
123 90
65 199
6 30
165 191
54 118
121 174
68 130
167 28
195 11
172 15
121 34
175 181
83 183
188 74
163 152
109 176
47 198
194 155
93 86
123 104
56 53
152 138
52 6
147 71
149 17
52 10
45 91
12 66
139 61
0 137
106 124
46 167
4 81
151 186
98 3
198 129
160 178
34 162
137 68
179 47
195 19
137 22
79 165
2 119
145 174
17 46
185 133
84 41
0 121
75 41
58 107
195 85
78 74
4 85
180 62
149 188
191 153
123 16
1 183
196 108
169 21
165 54
178 72
194 132
189 156
7 138
103 1
164 13
155 51
155 84
138 29
51 181
105 42
197 101
94 156
95 150
4 127
29 87
79 126
24 2
41 103
167 92
7 181
62 86
53 74
177 109
98 17
50 147
80 1
48 27
56 180
89 23
128 149
66 173
130 189
156 114
161 40
91 100
113 186
180 126
111 174
49 78
179 86
50 97
114 31
123 45
162 77
157 185
159 24
4 98
79 122
155 114
76 110
97 129
33 137
167 77
2 132
80 165
31 12
78 157
135 192
147 53
94 190
95 9
91 54
88 134
171 127
47 108
34 165
57 81
87 177
197 134
137 173
149 66
104 151
107 37
103 66
104 96
53 54
179 166
11 88
46 123
11 50
163 63
133 70
2 21
31 193
107 111
37 197
39 36
21 148
132 189
56 186
105 108
30 16
178 3
20 84
159 154
59 87
80 151
160 4
121 58
94 66
49 106
130 147
13 42
95 105
103 19
174 130
34 66
47 110
124 174
152 79
158 180
121 168
117 18
133 182
72 46
84 179
111 187
189 118
71 8
120 24
99 153
131 40
145 52
118 139
192 114
128 97
87 197
64 30
39 8
150 104
175 40
135 35
188 124
193 0
129 136
37 105
21 126
139 7
133 66
86 36
198 63
50 89
66 60
67 163
12 33
30 193
88 83
9 75
73 29
31 121
14 86
99 10
180 59
132 188
102 0
136 45
69 40
31 156
138 133
89 24
36 162
188 164
161 22
163 0
75 187
194 185
29 157
106 2
93 168
97 20
152 12
100 90
56 31
166 161
35 192
154 26
185 123
170 152
71 47
128 69
15 2
134 147
113 105
92 122
21 108
117 198
96 185
1 63
158 131
175 0
195 93
7 26
13 127
111 158
73 3
187 47
53 10
118 144
13 76
189 96
80 71
128 158
115 171
1 122
104 31
133 101
16 99
25 138
26 120
0 78
110 131
109 129
61 122
154 156
155 179
43 39
189 107
168 191
143 3
184 196
32 117
2 18
77 150
13 111
76 41
159 34
124 77
111 57
158 151
144 64
66 145
61 79
44 139
140 190
109 116
71 161
21 4
69 103
181 95
98 46
151 60
177 170
87 143
191 90
158 31
2 117
48 64
177 153
8 147
74 198
180 154
59 84
75 61
0 4
2 36
22 179
134 156
37 81
52 162
90 65
64 71
20 1
46 173
129 193
