300
8970
88 142 19
63 53 10
134 144 20
215 4 18
232 80 8
285 279 20
173 203 6
272 230 3
290 73 7
221 296 19
283 81 13
230 168 20
115 237 4
114 32 11
239 175 7
71 73 1
117 38 14
241 75 15
120 99 2
59 79 9
179 12 2
288 278 11
190 44 1
26 119 6
59 217 9
120 201 9
114 40 1
18 100 7
165 179 20
90 175 4
181 42 2
281 238 2
66 78 7
249 15 19
100 13 3
175 267 4
192 287 20
125 89 16
13 232 2
58 136 18
245 248 3
252 203 1
261 48 20
29 19 20
151 111 3
10 184 18
48 277 14
149 187 16
254 277 13
91 89 15
37 237 17
246 291 16
159 271 13
230 76 19
297 24 13
141 64 2
28 268 10
262 141 9
235 52 3
155 162 4
32 213 14
218 76 8
140 32 5
253 229 20
236 242 12
26 56 12
156 32 12
236 234 1
218 128 1
9 170 5
136 271 10
155 124 13
173 126 17
132 198 10
7 246 12
247 201 15
101 253 5
141 281 1
132 221 20
277 108 5
130 183 16
143 180 8
206 167 6
231 40 15
18 63 3
229 248 10
212 269 15
119 59 14
116 103 7
46 36 13
116 37 20
192 36 16
205 47 15
115 263 12
254 215 5
33 39 9
9 167 14
56 292 10
258 73 1
100 238 18
198 180 11
246 143 15
250 59 5
173 116 13
62 99 2
281 54 6
217 189 6
91 111 11
238 111 20
14 292 8
186 150 12
74 204 13
0 10 10
99 212 15
152 219 4
16 157 16
192 183 6
18 199 18
62 19 5
275 29 6
15 26 20
224 54 2
158 0 15
113 263 13
20 81 9
295 106 6
103 270 13
74 291 13
55 264 13
190 185 14
91 66 9
188 142 12
239 212 8
92 199 3
50 170 19
53 122 6
118 131 17
92 226 7
278 27 18
180 44 19
183 122 14
124 255 9
148 212 19
227 271 11
98 264 11
112 252 13
284 256 4
170 266 4
50 132 13
1 276 11
177 168 10
286 87 2
245 241 7
174 292 17
72 119 10
223 163 1
282 126 15
7 135 8
176 251 14
68 259 4
40 73 14
182 261 6
114 166 20
150 66 9
76 107 20
177 257 16
119 90 5
89 122 13
269 104 10
75 53 14
15 103 7
196 275 6
205 22 3
285 48 1
83 66 19
291 72 1
219 108 19
254 203 9
78 243 12
9 224 3
256 32 15
185 229 8
34 35 5
30 294 18
263 2 13
107 299 13
211 264 1
62 292 7
182 258 7
132 253 8
21 178 15
142 124 5
243 244 17
185 285 17
282 267 12
275 109 12
183 169 12
30 97 12
170 44 19
112 206 7
167 159 17
12 108 2
131 267 1
24 195 9
63 199 20
76 90 1
38 55 16
177 179 6
80 270 1
187 273 3
185 282 19
72 179 17
117 61 19
275 7 1
170 135 9
98 176 19
193 264 10
235 226 4
219 56 12
173 5 12
52 107 7
183 92 11
148 161 14
111 282 4
123 161 15
25 166 2
131 230 2
142 103 19
240 278 13
162 245 20
297 104 18
239 98 11
203 204 19
208 44 13
16 206 8
234 116 5
62 286 16
252 281 13
222 66 1
230 171 18
48 276 9
211 289 3
296 27 5
286 19 20
207 219 5
244 28 15
4 21 14
234 70 15
283 182 19
119 158 13
78 61 19
10 9 10
246 198 3
4 173 11
203 240 14
72 28 13
81 232 13
15 280 14
185 174 15
15 77 1
100 250 8
18 171 9
206 96 6
50 60 16
164 104 8
54 4 18
37 111 18
105 92 6
269 82 20
282 102 7
181 67 2
89 185 5
5 133 19
73 193 16
31 268 10
25 42 2
7 2 5
251 164 16
73 265 10
210 61 8
226 253 3
264 290 2
27 65 14
105 268 7
37 125 14
118 102 3
96 90 8
150 139 5
253 123 12
291 55 10
253 108 13
196 22 11
268 22 15
49 50 4
88 148 15
31 71 16
227 111 9
49 67 14
74 12 13
214 254 18
175 50 6
107 242 18
87 115 19
72 162 6
0 124 12
34 105 16
204 66 12
166 1 15
85 140 18
148 133 8
106 45 13
31 11 9
263 74 5
169 232 16
162 207 6
125 90 14
47 113 18
42 168 3
107 67 19
124 162 1
260 287 6
271 44 7
120 196 16
98 125 9
224 260 18
258 18 15
69 93 8
19 102 15
84 295 9
13 23 14
49 113 20
160 226 7
144 198 6
132 240 7
187 263 20
294 216 3
76 74 20
87 119 8
94 257 10
155 178 20
92 238 20
202 206 7
262 293 18
142 8 16
247 34 20
192 49 10
77 255 15
253 60 19
139 191 16
49 149 4
36 91 14
20 236 20
106 95 20
283 93 4
30 76 16
254 30 5
205 40 3
232 254 1
285 251 13
44 257 4
229 156 19
150 120 20
279 274 12
201 44 18
162 51 20
31 270 19
136 162 15
103 267 2
180 67 13
258 244 2
205 85 13
294 57 8
259 211 9
9 216 7
247 200 20
247 142 8
25 165 11
34 170 6
264 189 20
62 114 1
72 128 17
184 138 3
211 177 20
11 246 2
226 38 15
136 73 16
72 176 12
144 54 3
242 37 6
277 273 19
56 221 9
104 120 11
5 127 10
140 231 2
234 168 4
44 145 18
120 37 6
127 88 18
218 275 9
202 8 4
114 196 20
19 53 7
69 281 13
61 170 9
118 67 10
9 275 20
108 166 10
194 94 10
87 21 16
209 235 11
147 94 7
133 129 8
287 94 5
156 181 16
130 138 18
67 151 9
222 38 20
104 48 6
69 178 3
240 64 14
186 171 3
240 175 20
147 20 14
187 199 6
150 233 11
254 143 10
168 124 20
2 192 20
106 208 6
189 259 9
58 297 4
287 194 19
43 187 16
267 290 5
108 231 7
182 204 8
105 163 17
56 223 6
290 298 17
54 11 19
31 75 15
257 165 7
250 24 11
215 257 11
92 142 18
121 139 12
120 106 17
57 121 15
220 239 9
266 144 12
226 196 14
285 218 20
97 72 10
63 143 9
61 112 15
7 259 3
199 122 19
156 127 9
227 40 1
215 61 20
271 128 14
34 173 5
218 240 1
169 143 19
181 76 4
164 87 12
107 0 18
76 201 4
185 268 18
268 293 10
130 261 10
141 66 3
83 40 20
246 61 11
120 176 19
196 271 1
237 79 12
150 171 2
187 99 13
297 179 3
224 161 15
147 5 2
78 126 5
164 44 1
293 231 14
225 188 10
102 51 20
228 174 10
33 54 7
256 221 18
58 194 2
220 85 16
204 285 17
231 106 13
297 92 3
298 223 15
72 202 11
271 93 9
253 299 7
167 201 6
254 43 9
146 99 6
282 221 15
253 49 13
192 79 6
148 91 1
155 255 9
170 39 5
166 11 6
123 57 8
244 245 12
132 224 3
253 63 17
144 69 17
289 160 7
98 202 8
225 224 1
112 110 16
211 69 4
169 101 3
202 112 13
212 106 20
149 143 12
136 201 16
71 64 2
10 296 15
236 177 10
169 264 20
214 298 7
145 7 8
66 17 16
57 197 17
187 115 16
120 45 17
151 15 12
211 94 6
180 181 13
289 250 15
228 276 1
237 125 20
223 226 12
103 232 17
15 81 19
7 157 15
126 221 10
232 41 20
249 152 15
225 72 14
227 187 1
78 71 1
32 4 9
279 127 18
163 221 2
74 17 3
6 73 2
20 86 15
77 218 16
255 117 1
268 95 7
266 94 9
117 79 16
98 220 20
35 260 19
132 286 9
105 200 17
29 223 18
272 225 20
61 190 17
23 186 1
175 71 10
141 143 20
267 278 20
38 193 9
94 43 16
126 294 20
135 117 12
144 22 6
112 246 15
90 92 19
155 179 17
148 251 13
25 116 11
57 287 10
294 252 19
211 152 20
73 199 9
238 55 3
101 282 12
112 27 7
34 123 5
8 182 5
187 244 17
287 191 2
57 193 2
213 237 2
289 142 11
196 281 11
121 111 2
88 96 10
46 193 15
182 88 2
244 14 1
218 181 1
155 203 8
182 0 8
200 170 2
40 7 11
14 295 11
258 51 13
239 142 6
277 69 18
227 14 20
61 111 7
209 139 3
71 87 13
282 130 6
88 153 3
182 220 6
163 62 3
71 135 10
181 171 5
218 25 11
149 252 7
113 67 17
201 99 5
100 79 6
254 265 7
288 248 6
90 68 6
86 275 11
72 299 13
112 94 9
238 255 13
174 276 9
46 167 15
188 261 5
106 149 6
230 19 5
148 158 4
228 9 13
239 172 17
35 182 19
130 134 10
120 179 12
189 191 1
152 223 16
67 87 4
126 230 20
142 65 9
228 67 9
270 250 4
23 168 19
1 14 15
75 21 17
261 119 1
123 130 12
17 127 11
156 84 15
104 168 6
100 203 2
32 220 1
63 88 2
166 232 12
22 106 1
204 87 18
247 186 6
291 277 19
14 195 15
211 7 4
259 91 4
265 11 6
296 19 6
229 241 14
116 186 15
130 213 16
4 110 11
234 181 3
11 47 9
60 134 10
180 204 1
112 18 15
30 3 19
294 29 8
190 19 17
249 163 20
126 222 3
272 37 17
137 220 14
140 284 1
40 89 19
63 36 2
232 138 16
109 240 15
276 223 8
223 57 15
296 141 8
122 112 3
247 39 12
203 247 2
123 93 7
45 267 11
102 24 12
250 164 14
130 182 17
269 195 2
260 168 19
289 52 19
181 10 19
264 267 17
299 103 6
58 287 1
111 211 18
46 65 6
259 296 15
255 282 5
246 14 19
7 239 2
164 288 9
65 207 2
183 22 11
46 74 17
167 258 13
218 179 11
115 166 13
206 107 13
166 92 2
234 59 12
299 177 3
172 137 6
266 158 8
78 184 19
181 297 3
45 176 2
184 111 6
19 181 1
227 24 15
100 184 17
198 186 14
195 1 13
219 253 10
173 137 7
250 147 9
254 123 4
101 222 12
255 113 13
193 14 17
206 140 3
35 204 8
155 82 2
71 4 10
175 143 18
268 146 10
240 112 15
23 25 13
105 272 17
67 275 4
2 180 18
288 101 18
85 151 20
72 83 16
120 202 2
175 18 9
274 132 4
288 171 12
164 110 10
185 31 15
228 287 20
64 53 2
68 283 6
126 133 6
111 112 18
161 288 13
228 153 5
163 88 9
259 78 10
116 191 2
219 57 10
95 220 12
236 153 14
189 254 3
95 18 5
227 299 14
161 194 18
261 240 7
246 68 12
84 35 7
37 192 19
83 249 5
12 174 20
111 273 18
254 59 3
199 158 14
196 21 19
208 233 20
292 169 13
225 9 5
29 134 14
101 199 10
204 275 7
48 131 8
231 141 14
23 56 3
100 225 14
125 69 2
8 84 12
152 73 1
66 26 12
85 275 18
41 80 19
288 74 2
154 289 6
230 117 18
94 210 11
233 109 18
88 224 8
35 246 17
68 158 15
193 203 14
294 102 13
19 70 14
11 149 12
212 95 7
74 34 12
202 132 10
259 72 15
47 182 20
251 36 3
230 206 4
218 192 7
235 37 16
136 117 11
32 175 15
191 41 6
231 193 9
289 177 5
53 74 11
59 286 5
106 221 16
68 201 19
162 288 6
272 223 17
265 172 13
246 252 11
117 93 1
292 98 19
182 226 2
134 183 9
173 3 8
47 249 13
144 284 2
145 136 6
296 12 13
13 289 10
23 65 20
9 134 18
46 95 8
240 189 3
124 220 9
278 142 8
226 30 20
268 91 1
94 282 3
240 173 7
290 268 5
119 202 14
188 4 15
62 7 10
182 280 19
127 12 20
243 259 13
134 194 1
217 58 12
238 121 10
286 289 7
106 59 13
88 271 4
129 102 18
7 281 17
162 251 12
31 251 19
36 27 16
73 94 5
287 179 20
18 254 17
262 181 7
178 42 4
208 232 4
144 61 15
66 253 10
62 238 14
132 98 2
276 275 2
280 261 2
50 77 17
71 119 19
198 7 4
297 256 15
263 188 19
28 136 13
49 151 4
86 197 4
169 245 18
100 182 9
257 167 16
74 240 11
286 94 16
173 82 3
248 54 17
129 288 7
162 210 16
172 90 2
88 223 4
111 214 12
189 162 2
203 280 13
96 50 17
224 31 20
168 91 2
271 264 10
208 169 5
107 282 18
152 153 6
210 144 20
51 201 15
122 38 1
213 2 14
219 72 13
266 273 8
78 118 19
76 99 8
219 168 6
58 229 14
216 295 14
126 228 20
211 279 3
265 3 14
205 101 12
183 137 14
42 247 5
43 133 5
239 50 1
297 237 16
15 56 19
96 166 17
146 260 4
115 247 16
11 80 20
114 284 18
195 3 4
58 44 20
57 228 1
27 234 5
140 4 8
143 54 1
188 58 15
48 96 12
8 149 9
165 10 8
43 73 14
35 149 12
171 131 5
15 225 6
126 246 9
29 62 11
167 212 17
183 98 14
258 123 18
183 27 14
55 71 18
207 178 15
15 252 12
259 274 4
115 219 16
108 116 11
295 251 15
25 181 8
169 103 17
264 173 19
116 287 8
144 112 4
208 91 12
53 149 5
76 159 17
49 11 18
215 190 19
116 202 17
118 52 8
233 229 3
54 211 5
137 160 10
257 53 11
139 237 14
220 103 16
255 134 7
131 98 18
241 104 16
218 157 17
71 26 2
48 86 11
32 146 17
220 223 17
242 57 15
64 67 17
295 128 6
194 186 4
212 186 8
274 2 5
14 135 11
129 19 16
258 37 16
143 45 5
291 149 14
18 134 8
197 59 4
276 81 18
171 26 15
273 146 14
54 167 16
64 235 2
133 289 6
141 167 16
215 87 3
223 241 15
293 272 7
65 228 5
27 34 16
146 279 17
198 122 12
183 126 16
276 173 6
33 48 11
298 113 11
242 125 8
64 109 4
226 36 8
87 75 18
114 120 16
282 90 12
175 233 19
131 280 4
24 19 9
254 1 12
255 15 9
174 155 13
123 28 17
219 36 19
160 168 10
31 278 12
87 70 12
294 207 2
274 237 17
190 154 8
226 219 6
173 295 17
90 216 13
285 39 9
285 250 13
166 3 8
228 26 16
239 211 18
207 285 17
171 23 15
196 193 17
256 112 2
117 169 19
225 122 16
233 86 3
94 224 3
213 163 9
286 90 12
279 193 13
174 215 11
88 167 13
88 113 19
127 117 8
94 38 15
16 167 4
253 249 2
276 236 3
123 134 6
158 217 20
281 258 13
69 236 2
93 175 11
298 44 15
249 132 7
87 64 18
286 80 9
34 98 4
65 34 5
257 80 5
297 295 4
32 39 4
139 216 1
31 68 17
4 261 8
182 171 8
257 170 9
109 2 14
15 102 10
151 212 2
21 157 9
86 256 1
9 144 8
193 22 9
160 128 3
32 216 16
238 107 17
132 18 11
175 75 3
114 59 15
129 259 5
69 37 3
215 201 3
96 63 12
94 167 11
285 240 19
253 118 2
273 133 15
203 1 5
248 78 12
39 137 6
215 77 1
214 41 19
17 215 11
243 276 12
16 155 3
117 63 4
34 124 5
43 241 15
251 163 1
291 109 3
222 262 17
208 125 3
159 79 14
96 144 16
93 252 17
98 62 4
250 110 11
283 151 10
158 31 7
47 245 15
79 68 5
43 226 19
286 40 4
259 141 11
172 48 10
64 199 14
108 206 18
130 61 10
261 70 9
41 47 20
250 139 19
114 35 16
36 143 7
113 76 18
1 79 8
180 276 10
34 175 20
249 25 1
255 115 16
194 230 5
52 215 15
135 245 17
102 119 4
299 152 3
187 125 19
259 48 7
171 232 9
243 115 12
261 87 19
15 124 19
263 145 16
280 223 7
66 205 5
16 123 4
11 216 3
208 226 19
66 160 5
36 79 14
110 154 14
262 26 14
248 213 12
229 133 12
286 141 12
30 252 8
174 75 5
34 36 12
205 90 16
271 207 3
202 128 1
70 159 1
31 219 20
195 240 13
138 149 16
237 242 17
159 141 19
10 57 12
258 293 12
90 130 20
283 112 18
214 45 10
192 193 6
107 24 6
66 120 11
52 162 17
115 28 4
157 220 11
52 167 2
2 50 6
31 117 20
71 37 9
157 297 15
290 218 14
21 257 11
231 1 14
287 213 13
21 273 12
140 26 13
27 53 14
4 155 4
244 212 12
84 63 17
196 90 20
117 183 12
146 35 19
7 257 2
21 101 18
103 32 7
200 132 16
223 159 2
51 141 2
298 275 3
299 258 8
62 234 19
22 286 7
160 98 16
43 26 10
90 114 7
260 44 7
291 26 6
128 61 10
154 85 4
260 59 14
295 121 9
120 18 12
86 227 3
29 126 18
273 157 9
52 70 8
200 100 7
118 88 5
182 275 2
40 106 9
2 19 4
288 116 13
174 109 13
179 173 14
144 234 9
164 33 9
268 263 14
152 190 5
165 68 14
168 283 16
198 72 8
81 47 2
175 59 6
86 8 8
246 22 1
286 103 17
233 65 7
70 265 18
67 186 20
157 77 9
166 174 7
183 231 18
265 130 2
19 278 15
212 55 3
294 22 12
30 164 4
179 231 17
215 261 3
133 168 15
208 231 9
6 110 2
256 125 8
261 266 15
205 48 4
38 124 3
169 239 10
202 255 16
281 44 13
158 30 1
9 124 11
23 125 6
165 273 5
95 291 6
61 44 1
41 45 12
63 62 8
132 278 8
29 276 8
208 219 2
228 71 17
290 52 11
263 79 14
186 170 1
153 109 7
294 281 10
224 96 16
53 70 15
142 293 19
297 113 10
28 230 18
11 219 5
77 244 1
77 96 17
90 155 17
50 6 17
92 62 2
226 71 8
200 186 18
162 56 20
125 218 4
130 81 6
194 157 6
101 248 14
0 292 5
259 36 13
216 25 14
216 244 20
31 258 20
7 50 15
165 110 17
22 145 17
218 269 5
140 189 7
269 199 11
62 117 5
202 232 11
84 91 5
243 263 16
159 280 15
75 74 12
33 223 10
261 168 11
178 255 13
187 282 16
27 283 8
163 172 4
265 245 9
266 18 11
76 222 14
66 140 5
66 62 4
122 121 19
96 246 2
134 157 1
92 274 8
292 190 18
31 207 6
225 125 10
97 108 1
69 129 5
130 201 13
117 149 10
156 51 11
140 131 14
219 269 9
69 288 3
223 237 8
65 194 6
0 9 8
92 152 16
114 296 7
112 247 11
212 12 2
187 42 15
251 117 17
208 59 6
36 107 16
123 159 1
84 206 2
80 96 18
170 4 2
266 70 10
114 73 19
213 145 16
147 113 8
10 122 14
224 53 12
290 129 12
75 18 20
156 61 9
223 293 2
270 124 8
27 272 1
169 148 4
25 5 18
135 43 14
34 136 2
137 85 2
17 263 17
46 264 3
108 189 3
42 105 1
83 25 7
70 105 14
284 264 1
289 158 7
277 152 11
202 156 1
275 128 6
4 245 16
41 294 9
281 154 4
26 207 3
67 66 20
1 172 10
169 132 9
0 198 6
284 281 16
190 244 3
33 231 16
234 94 5
187 62 20
243 261 13
136 79 4
13 270 20
146 244 20
31 109 3
204 88 4
76 178 20
151 192 11
23 231 16
121 146 1
134 188 6
223 67 13
172 67 20
64 282 10
277 290 14
295 197 16
33 70 8
183 219 2
235 280 10
236 159 13
157 296 15
64 200 12
16 216 5
292 260 17
171 298 13
50 48 13
93 131 8
192 136 2
18 110 11
234 72 17
291 181 10
257 15 17
78 100 9
159 157 8
210 257 13
144 111 7
117 49 14
166 238 6
253 281 9
76 86 10
195 147 16
30 277 11
203 113 7
132 10 17
150 174 8
222 17 4
40 142 14
85 218 11
96 281 20
38 269 13
21 175 11
89 237 6
205 288 11
21 105 5
130 257 3
262 53 6
113 26 5
12 80 19
160 267 5
214 6 14
70 170 18
110 181 11
6 20 6
286 15 8
35 160 19
199 286 8
118 283 18
61 83 10
56 137 20
64 142 10
231 256 11
205 42 6
274 140 5
127 290 3
14 200 20
102 241 2
114 263 4
141 195 1
177 263 16
226 104 14
182 124 4
34 186 6
105 113 10
111 146 9
145 111 9
188 155 17
190 221 13
140 89 9
298 199 18
60 77 17
128 37 18
56 47 12
250 263 8
13 213 8
211 46 13
144 52 10
235 36 8
285 138 7
87 103 10
75 69 2
12 200 7
226 12 16
84 94 14
252 89 8
203 262 8
198 39 15
195 286 20
273 105 8
56 91 10
176 153 11
27 166 20
283 226 16
212 272 4
277 62 7
296 145 16
224 64 7
110 140 14
162 177 9
21 258 12
168 38 9
294 49 19
209 264 17
30 196 16
280 26 2
70 271 20
41 127 12
101 259 8
112 167 11
138 43 16
240 43 2
85 158 3
23 119 13
245 62 17
158 227 2
294 5 6
55 200 8
221 25 15
211 231 6
119 86 14
30 234 8
278 107 13
91 275 14
267 237 6
3 122 3
103 1 7
178 119 11
181 265 7
256 271 8
238 39 2
124 274 19
151 267 13
133 65 14
186 165 11
100 179 14
108 193 14
152 170 20
112 89 17
199 165 9
273 124 19
238 48 7
80 116 19
183 176 16
154 176 12
72 37 11
167 99 15
251 47 7
78 211 8
85 188 7
294 104 2
260 133 4
147 233 16
135 76 8
154 102 17
127 24 13
97 292 16
205 54 8
291 131 8
195 156 3
147 220 6
37 275 19
92 281 14
199 53 15
75 41 5
33 219 6
295 31 16
158 171 4
135 265 8
142 128 17
188 157 18
294 166 7
22 158 5
293 12 5
225 237 6
278 45 9
281 88 8
23 185 11
266 117 7
260 37 3
209 116 9
46 29 10
270 258 3
23 247 16
114 14 15
290 13 3
194 168 2
9 5 15
295 4 2
45 266 10
49 57 13
253 165 3
84 142 6
51 128 19
244 176 3
91 118 17
6 216 3
94 297 13
111 171 10
172 45 18
67 169 7
85 280 17
175 17 3
223 21 18
98 129 12
221 200 6
59 172 20
122 149 14
33 128 7
194 136 3
77 89 2
257 181 15
127 144 15
92 252 19
76 167 15
92 24 4
178 92 10
269 33 1
50 34 2
140 297 13
197 183 4
172 258 12
177 235 3
261 189 9
49 88 20
148 231 9
270 8 15
102 132 16
85 20 17
271 287 11
199 161 14
172 290 3
233 7 9
277 206 16
123 96 17
90 40 18
236 277 13
33 103 19
80 280 8
88 221 4
88 257 6
148 249 17
170 204 2
298 170 12
12 42 1
216 89 19
51 153 14
283 254 6
245 67 4
71 125 11
276 162 2
75 221 2
51 247 11
22 225 14
248 116 13
216 13 4
283 54 2
6 91 10
34 18 3
141 219 10
283 95 1
188 252 19
205 104 1
160 131 2
131 12 8
150 291 10
295 252 3
190 143 3
218 96 8
211 24 14
279 69 9
280 88 5
31 262 10
46 16 13
161 295 19
237 112 14
154 201 17
274 281 18
211 280 18
114 243 16
196 189 15
149 127 3
90 16 20
288 241 14
68 174 7
238 212 11
295 93 20
250 253 1
114 239 10
78 268 13
89 103 12
150 254 14
172 182 8
269 20 14
161 182 15
267 101 12
149 71 19
119 159 15
145 102 20
276 231 15
185 284 10
142 91 5
155 296 13
37 17 15
138 68 6
160 227 20
225 191 19
254 256 6
131 71 6
231 206 4
9 62 13
234 278 10
159 48 18
164 48 17
216 54 3
206 102 1
178 203 18
274 258 10
235 252 1
218 34 7
234 148 1
97 123 11
43 221 3
287 270 2
100 31 4
164 259 10
177 75 5
207 78 8
166 31 9
220 117 16
22 288 13
102 260 8
266 181 13
151 122 12
207 232 2
114 109 4
184 87 18
221 119 7
135 99 11
210 3 9
233 26 13
256 36 12
153 57 15
254 168 14
295 201 9
128 24 12
49 210 14
146 257 14
55 22 8
127 137 6
214 160 17
91 256 11
30 266 9
103 233 6
183 35 20
177 167 3
20 109 6
298 208 5
112 268 10
191 296 15
261 269 10
165 248 1
274 287 5
101 226 11
10 6 12
166 162 14
234 154 4
81 9 1
194 250 4
41 178 6
50 91 2
78 172 4
124 175 15
286 114 13
117 298 17
177 279 4
189 87 6
147 247 11
126 180 12
279 73 4
52 143 9
272 79 9
243 230 6
177 199 14
256 126 1
187 222 20
297 46 19
43 84 20
103 101 19
27 136 20
113 37 16
234 250 9
49 140 4
29 265 4
179 3 15
223 112 4
114 245 11
144 74 1
65 9 17
13 266 20
175 145 7
262 74 11
47 261 20
94 283 1
100 126 16
86 250 16
57 36 13
110 75 12
34 236 6
93 34 15
9 29 6
2 203 13
263 154 13
181 34 13
114 142 4
38 256 19
50 159 2
94 255 16
85 25 7
132 75 11
211 64 13
103 277 18
258 78 16
192 50 7
283 48 1
8 227 14
255 169 2
134 155 20
35 270 7
238 276 8
249 179 17
139 284 13
180 114 9
95 138 20
29 111 13
188 232 8
62 211 6
12 103 17
10 100 20
25 273 10
195 288 6
20 49 2
249 9 6
16 225 2
49 105 9
274 68 7
59 191 17
285 246 12
235 221 12
258 196 6
121 181 11
212 289 10
208 155 5
148 92 5
277 201 20
186 57 3
163 94 9
158 208 15
47 141 12
216 290 2
21 109 3
153 121 13
255 176 8
121 253 12
6 275 14
271 170 19
80 0 18
222 148 4
113 256 8
105 103 15
52 121 18
148 12 17
131 250 19
146 56 1
95 246 3
166 152 19
99 266 13
238 93 13
228 100 3
152 130 3
101 173 16
91 287 19
227 216 3
249 137 1
117 25 3
239 46 18
275 134 18
12 182 11
228 163 3
213 176 5
18 33 12
224 169 19
68 208 7
118 293 20
45 241 11
239 9 13
83 31 13
121 89 11
283 276 5
190 74 11
203 217 9
238 210 5
149 229 11
243 83 14
27 2 6
254 28 10
9 121 12
188 220 6
217 204 14
186 82 14
27 70 13
226 174 18
60 181 10
30 286 5
76 205 3
135 9 20
99 39 13
254 0 5
250 135 14
198 252 1
48 171 17
185 65 8
272 174 9
64 239 9
191 29 18
135 192 7
50 221 5
115 41 5
26 18 12
228 200 8
67 141 6
102 152 20
57 62 14
145 40 18
98 117 19
119 187 20
153 126 3
285 216 2
25 65 15
11 20 12
24 207 2
299 43 5
288 143 17
70 150 20
188 165 15
242 25 18
98 136 1
95 114 19
265 226 12
49 196 16
51 272 19
193 136 3
17 70 3
254 15 14
85 77 11
142 66 7
54 151 3
118 80 13
29 57 3
55 70 19
249 195 18
119 13 5
6 232 13
261 39 4
201 159 20
117 141 12
62 175 7
163 26 16
225 202 17
16 292 16
67 195 9
199 282 17
109 1 18
199 32 10
268 139 7
292 172 16
166 146 4
6 236 20
261 122 18
196 121 16
54 81 19
113 93 19
281 299 9
173 197 20
75 22 12
210 21 14
272 180 10
51 6 2
46 146 3
135 185 16
299 39 8
246 164 2
61 264 2
205 259 19
32 5 14
176 129 3
139 24 18
236 59 17
128 88 7
33 34 5
143 101 10
188 149 4
160 202 11
131 1 2
238 262 10
98 271 12
164 274 14
274 174 5
245 279 11
265 185 7
297 161 15
114 77 8
176 99 16
16 95 14
176 199 7
178 91 2
65 68 17
280 35 18
129 61 9
126 82 4
72 50 20
172 64 16
155 221 14
213 204 19
276 201 11
263 19 13
20 21 19
233 196 14
123 204 15
108 129 1
63 245 15
8 26 18
187 260 9
235 267 6
125 216 15
163 13 12
170 102 9
151 156 13
51 198 14
270 200 17
296 175 11
282 195 2
55 92 9
47 109 6
37 263 17
95 252 3
11 208 8
189 223 19
214 128 2
27 105 5
52 230 16
102 117 15
277 112 13
209 15 16
222 16 20
264 183 5
93 155 14
119 36 18
79 66 14
281 51 8
10 34 19
142 267 14
70 270 15
203 158 13
152 279 15
264 138 6
150 232 4
165 145 6
139 72 12
67 282 10
162 137 13
221 95 15
83 280 4
217 272 17
133 72 16
298 25 13
211 277 4
122 163 6
14 161 18
253 153 5
126 205 8
141 142 10
77 273 4
136 224 8
296 134 8
37 85 2
34 78 7
237 264 9
212 180 20
91 9 20
223 42 8
241 226 16
56 96 15
209 119 10
73 181 6
97 266 20
209 26 3
115 264 11
141 45 12
13 299 8
138 188 17
275 14 14
143 93 3
18 242 17
2 111 15
49 195 15
94 232 9
152 57 6
72 152 1
51 123 4
178 158 2
198 242 9
118 188 16
211 126 16
54 106 6
76 260 15
102 211 8
10 261 12
41 283 17
37 162 10
295 38 18
188 278 4
215 298 7
61 166 13
95 180 2
172 98 7
263 233 1
60 291 20
34 107 6
287 223 2
157 71 6
240 95 12
201 291 11
108 265 9
113 137 9
118 174 19
148 80 11
47 266 18
298 89 9
197 85 7
165 70 2
68 61 8
292 222 19
96 62 17
65 94 1
287 230 4
91 166 6
12 188 19
160 71 15
234 232 14
21 206 19
206 8 14
135 183 10
104 232 3
108 66 19
227 192 11
138 24 20
38 69 19
130 88 6
150 222 13
54 56 17
61 16 7
219 276 19
56 257 5
180 19 4
175 88 6
185 201 5
279 110 8
102 36 8
21 199 3
53 180 11
219 195 12
191 200 14
111 255 5
197 32 19
183 205 10
98 174 20
295 40 17
102 140 2
22 159 16
169 23 17
262 39 11
20 182 13
205 231 13
61 206 1
131 115 1
295 189 13
159 14 16
278 293 12
205 170 15
294 169 7
86 36 13
176 242 4
152 280 10
244 3 3
230 40 16
28 7 3
25 284 18
56 275 15
60 98 6
230 239 20
106 184 12
57 102 1
69 186 7
255 87 13
199 277 5
158 154 20
90 271 15
95 100 16
75 204 15
152 86 6
151 130 11
155 144 19
223 95 12
260 263 7
263 86 13
73 132 3
200 267 19
209 63 20
205 158 9
277 264 14
238 221 19
273 294 2
198 233 11
269 165 19
208 15 2
202 16 19
289 285 11
182 69 15
220 7 4
245 85 10
97 176 1
0 77 16
11 263 13
298 147 18
62 227 1
22 41 2
116 30 2
281 277 19
255 28 3
26 42 4
119 264 7
160 196 3
128 75 15
289 187 16
159 265 13
42 100 6
239 133 1
187 184 15
18 290 20
283 217 3
85 50 17
114 143 10
224 232 13
159 228 10
227 125 12
191 103 3
134 163 18
143 247 13
210 178 10
26 250 13
198 206 7
225 156 12
47 254 17
28 253 20
105 160 2
247 17 20
100 213 14
266 56 2
227 104 19
225 33 5
58 32 11
176 157 3
53 271 2
136 255 1
134 83 4
171 276 14
0 35 3
291 263 2
23 87 5
248 190 4
45 61 12
46 235 12
286 262 16
200 190 8
129 281 13
254 60 15
54 42 13
248 21 13
105 102 14
209 49 19
80 217 14
140 242 10
231 232 10
281 266 5
177 270 17
6 166 19
289 73 14
230 141 11
37 298 5
111 270 17
135 26 16
208 246 12
70 240 18
212 85 7
2 21 18
3 142 12
267 127 3
274 169 6
65 220 19
191 60 3
150 127 16
81 230 17
40 167 15
279 11 8
56 186 4
98 133 4
181 165 16
154 77 16
82 172 1
179 259 15
60 290 11
55 280 4
87 99 8
141 199 18
237 147 9
260 164 17
77 164 8
5 211 6
112 84 2
2 171 1
45 58 13
208 87 2
5 168 14
97 265 8
103 288 10
199 34 5
180 173 7
59 219 20
234 23 15
229 181 17
240 38 18
124 60 16
231 50 9
148 280 13
128 35 11
99 194 1
52 294 5
10 133 8
86 14 2
84 129 3
242 66 16
41 179 10
80 267 10
178 40 6
182 157 1
172 278 2
197 215 4
200 131 17
270 178 4
273 47 13
226 290 8
4 145 20
83 85 3
56 49 12
201 59 3
43 154 9
7 93 20
139 149 11
186 147 10
141 41 5
133 79 2
196 157 13
251 245 18
269 235 7
219 224 12
222 147 2
88 282 12
235 281 15
130 47 9
111 244 11
218 287 9
288 233 13
5 20 19
229 299 2
91 113 2
20 299 9
59 184 9
247 128 18
197 8 12
270 164 12
1 162 19
1 145 2
37 121 13
177 242 1
166 51 19
120 229 10
212 31 11
124 181 20
279 92 14
279 7 8
176 59 15
242 185 7
100 230 13
146 3 4
145 244 14
71 130 9
59 294 20
176 110 7
219 26 16
124 267 20
221 185 3
81 296 13
188 94 20
283 77 5
135 251 2
228 145 20
297 106 4
213 273 8
227 215 2
139 277 5
288 37 14
294 79 15
287 24 6
124 62 19
68 270 12
228 193 5
132 48 20
213 27 11
102 122 17
264 165 7
260 68 18
213 46 7
140 47 17
234 6 20
135 115 9
10 136 16
45 59 14
108 174 17
58 196 6
84 257 12
45 243 2
173 267 1
220 72 5
72 201 11
108 163 3
179 89 6
261 191 9
163 138 16
221 107 11
43 159 13
275 236 2
23 281 14
239 80 15
189 242 16
30 202 14
178 277 18
191 226 3
58 224 16
294 100 2
152 290 15
16 125 16
237 130 10
55 153 8
94 290 10
276 206 14
119 205 1
200 176 12
262 54 16
89 247 19
32 246 16
156 9 12
1 183 9
33 254 2
170 231 3
32 152 6
163 47 13
0 134 6
85 214 15
189 181 9
163 41 19
288 73 12
149 218 7
116 93 18
7 72 2
89 62 4
34 51 17
103 264 20
60 68 17
220 49 20
86 59 17
10 154 1
89 285 14
84 136 20
274 120 6
214 201 19
69 150 3
6 83 12
47 197 19
133 219 20
258 84 5
218 141 13
146 289 3
169 256 4
101 22 18
225 53 5
205 284 10
55 78 3
211 193 6
17 277 5
259 49 19
186 75 11
179 83 3
265 31 6
218 102 20
26 146 16
74 223 11
253 45 3
254 130 7
10 223 10
162 164 6
259 290 16
72 274 17
138 205 8
265 60 11
186 167 6
153 149 2
96 255 7
267 211 1
94 127 2
52 53 12
166 250 19
25 219 15
210 264 5
104 255 8
15 27 11
254 249 3
228 52 18
118 32 9
109 107 20
255 222 5
189 51 2
51 225 16
127 269 18
51 163 13
249 222 10
178 115 12
206 196 17
237 120 3
184 141 5
181 217 9
40 263 15
203 16 11
168 45 15
53 59 10
220 249 14
296 232 6
193 158 8
109 46 7
55 73 15
157 110 16
261 68 16
180 52 12
200 9 19
171 124 10
138 280 17
144 228 8
7 222 7
135 19 5
143 64 13
87 171 11
224 124 4
222 160 2
228 262 9
17 257 18
25 35 19
7 201 7
226 119 11
114 186 14
242 12 9
109 282 14
161 205 16
132 267 18
239 138 2
261 116 5
198 65 18
140 281 9
29 258 6
108 259 2
279 201 5
251 100 6
286 265 20
45 150 16
64 60 7
254 134 8
154 278 3
246 281 10
170 85 11
55 31 16
101 236 9
49 201 17
124 33 7
215 250 13
17 260 9
2 205 9
135 89 12
240 45 10
97 214 20
81 271 18
252 293 16
120 194 1
299 181 1
49 250 8
252 148 14
222 182 12
294 280 19
110 129 3
228 185 14
156 15 10
125 78 9
77 63 10
11 2 11
61 123 18
56 121 15
136 189 20
193 157 5
278 152 3
124 54 19
278 215 11
250 261 14
287 95 13
213 234 13
21 218 6
263 89 17
131 75 9
223 288 12
100 194 5
284 259 11
226 62 11
14 294 16
37 265 17
131 263 4
205 262 12
99 297 20
46 284 6
45 31 17
95 113 4
123 141 13
266 40 11
58 159 11
158 75 13
18 204 12
183 152 6
264 8 19
32 296 6
95 156 3
195 149 13
281 49 14
193 132 12
108 104 8
196 16 3
277 7 20
225 30 14
102 13 18
33 17 8
198 47 13
39 29 9
112 160 16
242 141 16
169 244 13
27 89 8
258 255 6
123 124 8
239 280 3
133 87 2
58 127 1
26 114 16
97 88 5
242 233 19
37 256 18
64 133 14
257 8 1
85 282 6
93 229 14
54 229 4
113 231 15
183 52 13
152 136 18
272 261 20
209 246 3
87 60 14
118 74 1
199 81 20
243 174 17
241 247 1
254 4 5
266 294 7
119 55 8
127 56 2
172 212 5
25 98 14
148 215 2
53 91 12
4 204 11
233 215 20
133 235 13
88 225 14
149 250 9
41 109 10
291 171 6
286 295 18
201 275 20
52 229 11
100 154 19
33 78 7
231 245 19
152 28 13
209 206 6
222 294 11
231 263 8
217 219 12
141 125 6
66 85 7
194 283 5
119 278 2
238 21 8
80 238 20
4 294 11
106 278 5
3 160 3
286 161 17
26 22 15
123 90 2
11 170 17
243 157 6
284 1 9
61 285 19
294 94 16
270 285 12
204 104 19
9 278 15
12 159 19
247 209 3
273 142 16
49 25 1
245 55 14
275 108 8
183 255 5
271 92 13
288 204 11
193 25 19
113 205 11
195 2 12
171 279 20
249 6 4
104 4 14
112 189 14
281 287 17
249 135 10
152 113 18
277 11 10
251 75 6
280 214 8
219 244 11
196 128 1
138 253 4
38 97 13
265 190 19
114 292 5
110 49 17
183 38 10
154 50 2
299 178 13
126 140 4
229 217 12
289 291 4
222 196 5
209 277 19
174 11 1
114 159 15
159 185 15
253 18 5
233 15 9
221 140 19
157 256 1
14 203 14
192 153 19
95 247 6
7 271 3
87 247 7
241 164 14
133 151 18
161 51 17
96 205 11
57 78 20
95 299 1
196 141 18
72 286 4
224 259 7
264 62 3
51 65 11
10 286 4
181 145 12
79 45 7
190 90 15
7 182 17
97 233 1
156 171 11
136 3 11
239 106 7
263 144 7
81 42 2
291 61 16
72 33 1
72 209 13
18 274 13
61 134 1
215 144 13
82 109 9
295 21 3
135 35 16
251 238 7
28 237 15
37 285 4
195 296 2
237 220 11
294 137 9
186 292 15
100 135 3
147 81 6
43 215 1
67 31 18
36 22 4
126 266 2
143 236 12
296 183 10
67 156 14
266 164 13
146 286 4
110 37 18
290 293 15
107 193 13
75 141 12
226 132 13
28 294 3
105 162 18
66 153 19
204 23 6
145 258 12
217 118 13
181 269 2
184 265 7
285 182 12
47 116 16
235 10 8
0 26 16
38 131 17
272 112 16
235 245 7
97 243 20
158 160 3
209 181 20
235 60 10
123 66 15
5 231 20
186 161 4
23 205 6
18 101 15
276 85 19
91 49 2
291 49 5
238 248 15
79 71 6
128 113 5
125 14 17
163 257 2
119 22 11
85 240 10
129 124 11
48 26 13
149 255 17
95 249 14
183 125 19
49 101 20
67 13 19
52 196 4
118 139 8
180 56 11
218 55 10
11 266 14
110 172 12
123 250 7
281 64 16
55 107 10
185 207 2
299 284 10
93 183 13
214 185 19
70 173 6
255 145 16
200 201 16
47 145 4
119 58 3
20 241 16
192 149 6
20 71 5
227 181 13
109 296 14
207 107 2
293 275 19
94 151 1
161 262 8
198 41 5
260 165 17
52 164 7
272 121 7
70 190 8
207 81 17
228 40 11
4 248 12
246 29 18
7 189 13
280 176 11
47 267 18
132 168 11
161 50 9
45 85 8
191 234 15
99 137 18
212 155 13
116 72 20
14 221 12
11 77 15
270 241 4
87 61 19
156 288 14
181 104 3
20 288 8
290 257 11
18 54 14
250 226 14
191 3 7
18 271 4
279 170 5
115 76 8
58 273 19
159 215 9
18 280 5
258 138 7
164 90 12
259 291 18
280 16 3
127 123 6
187 239 12
62 201 13
114 224 3
182 77 6
19 13 4
236 281 9
183 31 2
120 36 4
127 229 11
152 228 13
229 99 6
38 89 13
4 213 6
148 20 9
73 286 20
177 131 17
237 6 11
295 168 10
61 50 12
235 25 17
190 293 2
61 261 9
157 25 6
0 137 1
12 50 2
246 20 11
72 258 8
247 248 16
16 245 2
107 139 14
259 67 1
42 120 9
131 29 10
218 124 19
246 276 11
47 71 9
145 51 11
34 242 4
14 29 11
141 160 16
74 154 2
297 254 15
164 47 5
296 267 6
240 160 8
239 265 15
212 16 15
110 79 6
66 9 8
195 10 19
296 80 3
263 238 10
28 107 14
236 254 5
9 100 5
67 242 17
230 34 16
192 6 19
292 285 9
283 2 14
154 16 13
57 37 14
166 269 6
268 45 12
39 129 13
133 32 1
67 5 1
24 290 18
53 148 7
58 3 1
287 245 16
167 278 1
8 71 10
109 279 1
35 96 5
107 30 12
12 41 18
140 100 17
95 5 14
68 22 17
239 288 2
190 276 19
146 63 16
264 184 14
76 52 12
38 210 20
156 7 15
81 51 20
242 295 1
186 138 12
150 259 8
60 19 10
233 75 3
155 243 17
122 242 12
17 122 3
141 19 16
115 282 2
256 265 6
13 95 6
152 53 6
41 190 8
161 15 6
104 67 6
130 73 19
131 265 10
18 7 9
60 82 9
137 55 19
99 80 10
178 191 13
217 184 14
85 183 11
256 203 9
186 113 4
70 160 10
70 193 11
82 77 20
52 208 4
153 166 16
102 12 20
105 222 3
152 201 15
136 170 6
252 285 10
159 142 12
216 7 6
204 249 13
30 195 8
29 250 19
167 45 7
276 10 20
105 96 1
269 224 2
122 221 7
127 53 14
216 241 5
292 299 3
299 78 1
79 85 15
276 163 8
218 97 2
116 24 12
165 250 15
173 170 18
86 105 18
132 161 4
241 190 10
47 138 9
113 195 11
243 236 18
120 73 6
75 105 6
138 233 15
23 243 6
22 275 11
31 271 19
63 39 3
231 289 15
115 188 5
94 2 15
251 169 5
240 31 11
190 5 6
211 261 8
159 21 20
7 107 20
93 0 3
171 173 8
98 15 10
35 296 9
37 219 9
200 136 8
175 271 3
72 224 12
4 234 7
85 56 19
279 103 20
137 146 1
218 156 3
46 7 9
176 86 2
55 276 16
161 75 1
59 9 11
76 250 11
252 84 11
21 66 17
158 241 20
3 128 1
159 101 16
221 36 6
6 16 13
113 240 10
152 186 19
8 294 8
299 211 18
282 159 7
44 20 16
19 234 20
86 161 2
45 109 8
105 211 10
235 197 8
194 119 4
130 129 18
255 108 2
115 297 19
293 191 1
97 114 19
117 66 2
18 81 16
144 63 13
162 69 14
103 248 15
251 77 1
78 38 12
12 176 15
18 0 15
11 183 3
29 5 11
174 235 3
80 202 10
217 32 8
170 86 9
165 194 16
197 96 6
19 106 19
71 18 17
209 203 18
73 209 9
240 290 14
24 257 12
197 182 6
242 84 11
179 157 17
238 44 15
243 57 20
173 289 8
85 153 7
86 94 7
42 188 13
265 198 3
133 173 5
16 293 18
276 152 16
284 176 3
12 3 1
80 66 17
78 153 12
297 42 20
173 158 11
6 36 9
139 142 4
55 149 15
258 251 10
55 52 16
46 81 4
86 19 1
7 55 9
63 135 19
219 49 6
60 12 7
43 268 2
32 1 15
202 25 14
253 242 19
120 260 8
19 189 1
46 207 12
11 37 4
130 127 17
117 245 4
233 261 20
192 204 4
197 252 15
197 196 1
147 9 16
243 46 16
117 5 9
104 274 9
58 256 3
125 263 20
196 43 18
60 15 16
178 204 3
84 18 20
283 74 6
292 43 1
94 124 1
141 295 5
294 134 8
183 40 11
0 141 7
239 75 5
158 172 3
211 237 11
272 216 20
166 239 2
108 279 7
103 5 19
67 95 12
183 138 18
145 16 6
223 36 18
248 261 5
175 109 17
253 145 9
132 295 3
53 68 9
22 290 11
36 105 20
188 64 15
132 191 3
250 122 8
233 190 4
248 133 11
150 271 9
16 86 19
125 207 13
222 55 8
288 158 11
34 252 3
256 34 6
80 113 6
272 256 13
17 281 6
175 40 19
27 111 8
83 168 12
66 259 3
58 68 19
210 289 6
141 11 15
114 101 7
89 141 12
170 284 18
106 276 20
65 219 15
235 62 11
222 116 13
158 133 17
51 91 15
255 233 5
105 62 8
54 138 15
77 134 16
54 261 19
296 216 1
223 35 13
60 10 13
118 19 7
88 199 14
34 258 12
237 194 20
168 170 10
294 174 9
212 89 14
108 264 10
250 233 11
278 101 18
138 277 3
284 94 15
209 55 7
115 5 9
164 141 4
32 28 9
227 79 9
256 28 8
91 170 6
166 196 14
54 165 14
287 46 12
84 31 14
236 250 6
4 189 7
172 245 6
8 237 2
280 142 9
24 246 13
179 23 18
1 189 5
88 15 18
186 87 15
151 229 6
102 214 10
33 153 15
103 298 17
85 4 6
226 110 2
118 126 7
201 43 8
94 270 10
220 1 8
206 89 15
188 96 10
110 267 7
149 169 6
258 107 9
115 35 1
238 26 13
275 39 8
218 56 16
56 66 2
216 263 4
81 113 17
155 32 3
193 31 7
204 240 15
29 3 2
157 23 3
81 45 19
241 180 7
166 33 1
59 68 5
102 217 8
56 276 9
204 141 3
181 239 15
39 55 19
228 56 4
244 18 6
285 260 6
223 77 11
126 144 4
232 143 12
77 117 12
247 235 1
124 289 20
233 174 2
45 245 4
271 97 10
76 55 5
39 42 15
46 51 3
283 99 5
79 193 8
197 153 13
97 1 4
141 2 5
162 298 16
113 59 19
272 44 5
5 109 20
111 209 19
191 248 13
266 150 1
243 227 15
86 136 7
216 66 20
115 124 5
216 39 18
143 205 14
22 150 12
157 266 4
112 49 13
208 284 11
0 226 6
70 258 7
148 202 12
271 145 9
125 247 15
297 197 2
196 3 8
273 83 1
110 162 8
180 244 10
261 244 6
72 68 19
172 34 6
135 238 5
218 215 1
42 270 19
190 58 14
189 126 15
154 126 8
118 86 15
291 127 3
277 250 5
232 130 17
264 232 2
52 18 18
205 116 1
66 114 4
240 202 5
43 229 10
298 98 1
179 42 7
23 63 1
290 278 10
115 146 8
163 84 6
88 50 16
144 281 15
132 144 6
221 55 1
78 87 10
205 225 2
134 44 11
36 0 10
280 163 2
127 124 13
31 146 10
54 3 1
258 160 11
210 211 20
208 164 20
279 190 11
75 228 9
124 268 14
175 73 8
121 157 14
102 209 15
275 118 12
59 136 13
24 182 17
199 273 10
111 116 13
101 164 16
68 73 19
205 155 17
88 210 14
242 111 14
17 142 15
291 169 12
173 147 15
262 271 3
117 78 5
250 172 10
179 181 4
127 254 10
193 61 2
137 151 20
39 133 15
44 252 17
65 87 15
139 81 7
206 257 14
169 267 11
66 171 14
1 151 20
16 76 7
296 228 1
64 91 16
208 9 2
142 193 9
113 184 18
3 193 2
299 288 18
129 27 3
123 22 15
281 50 6
202 36 19
107 90 15
214 260 13
110 222 11
258 88 17
245 105 13
244 215 7
127 289 15
171 249 4
40 13 20
228 76 10
59 116 6
153 148 5
181 90 19
114 110 17
220 236 5
122 229 9
221 19 3
178 144 4
289 240 10
14 6 7
110 27 9
55 288 11
256 54 1
115 136 11
111 239 10
6 222 9
268 191 19
260 90 20
42 211 5
84 189 5
155 107 3
106 274 17
233 205 5
237 276 15
230 211 7
94 44 6
137 93 4
263 182 14
80 212 5
223 265 12
15 222 17
37 43 11
222 57 8
251 7 19
284 127 2
29 94 5
158 186 7
124 246 4
293 297 7
149 146 16
24 255 20
2 173 5
82 226 16
182 135 16
165 67 1
55 113 19
46 246 18
38 130 17
231 162 7
167 215 16
196 223 19
174 26 9
6 76 16
227 7 1
16 43 4
69 248 9
215 21 15
248 212 3
35 230 2
101 50 3
4 162 16
297 120 13
181 264 1
34 189 12
257 166 13
221 272 5
194 82 6
73 109 17
58 187 7
162 163 19
197 41 7
287 262 15
51 154 17
262 34 16
63 145 11
104 31 8
108 175 15
77 12 11
273 204 20
283 119 3
35 156 20
219 135 14
136 172 1
170 118 1
191 138 16
284 233 13
54 126 11
19 126 4
206 48 20
76 281 1
218 247 5
136 35 11
27 5 14
154 286 16
290 69 17
149 256 19
119 51 4
5 120 15
45 155 20
181 127 9
111 93 1
84 173 20
128 249 14
127 177 2
45 193 9
178 237 8
116 130 3
3 245 13
110 100 1
112 0 11
112 182 16
247 289 10
144 231 2
33 216 11
188 21 2
148 0 7
87 28 16
199 150 2
24 148 9
109 224 4
262 216 14
143 113 18
220 102 2
27 85 16
213 195 18
39 14 13
152 68 4
251 187 20
280 90 11
173 43 16
229 196 2
185 291 12
75 70 12
241 80 7
261 111 6
279 42 3
186 267 11
238 217 14
279 295 13
100 90 7
111 22 2
253 298 12
3 220 17
169 124 15
91 235 4
39 95 9
6 45 9
265 124 9
268 217 9
138 194 18
166 236 13
178 36 1
206 22 16
297 236 18
228 119 9
61 7 13
297 213 8
114 198 14
111 229 19
30 21 13
8 263 9
244 126 3
35 29 6
97 273 3
245 92 20
125 209 9
252 121 11
233 0 1
6 23 5
200 219 7
48 162 10
112 41 9
165 197 15
274 59 19
103 53 20
71 49 2
63 111 10
152 115 1
28 36 1
13 41 4
146 251 11
206 6 2
122 127 6
162 150 5
207 191 2
159 218 1
76 246 17
194 258 8
275 120 12
252 52 16
108 72 14
42 117 3
196 37 1
10 232 15
223 136 18
191 72 16
45 191 3
136 243 2
197 20 9
157 15 13
241 266 8
87 19 5
83 56 11
2 248 15
271 39 12
231 2 10
281 185 15
101 62 14
73 232 19
186 121 8
147 91 19
185 257 1
204 64 19
275 199 10
115 227 2
227 109 3
239 291 7
298 42 7
64 32 10
238 287 7
177 238 6
205 209 3
70 121 11
85 36 15
53 15 18
283 247 20
178 60 2
76 235 16
6 48 9
291 190 16
103 147 13
119 239 1
204 129 9
290 187 17
66 280 7
38 16 13
73 271 4
183 95 18
168 47 13
296 192 19
16 108 16
14 30 7
66 237 5
239 62 5
91 250 11
79 78 6
72 293 12
104 28 12
78 220 20
71 50 10
273 217 13
94 275 1
73 173 2
197 132 8
119 230 3
251 183 9
298 121 15
180 7 2
10 166 5
78 216 17
93 31 18
245 97 12
176 0 4
183 46 4
60 251 14
111 191 9
295 260 4
181 135 12
284 133 17
164 138 4
254 118 2
232 249 20
214 199 19
82 245 10
236 216 6
119 182 1
170 248 1
156 87 20
182 26 12
223 235 14
95 86 9
124 172 16
158 272 4
212 268 17
74 248 1
92 107 16
64 17 18
100 210 13
174 230 3
251 110 5
227 96 16
266 244 15
11 177 8
82 73 6
128 163 5
161 17 12
53 234 6
74 18 1
97 142 15
84 202 18
178 253 13
248 139 13
277 29 10
181 32 10
164 227 10
178 63 13
148 268 1
87 108 13
71 34 7
133 185 13
74 249 7
113 41 8
106 7 15
182 132 15
192 231 5
275 229 6
41 194 4
220 24 7
149 220 19
16 112 7
234 36 15
0 291 9
176 148 9
22 62 5
209 7 10
78 296 10
238 47 3
70 149 18
185 289 16
58 221 4
85 181 11
278 59 18
251 134 7
164 155 18
50 242 15
39 279 2
36 215 12
58 29 11
194 295 3
110 290 13
179 85 13
95 211 18
285 60 16
211 76 18
298 105 1
37 199 20
289 122 4
138 2 7
163 147 3
227 13 11
108 184 10
262 28 14
109 159 8
266 86 9
65 252 12
95 179 12
296 186 11
79 101 3
244 57 11
143 234 4
278 249 9
73 37 12
268 238 20
245 39 6
224 8 4
216 131 9
113 281 1
189 75 4
255 261 14
188 254 18
106 56 10
241 233 13
39 169 16
182 251 11
263 29 19
5 234 4
146 235 16
171 112 13
195 75 1
9 132 6
289 205 14
148 67 5
154 9 5
210 70 4
39 257 2
252 101 13
196 18 10
140 42 16
38 112 17
95 87 12
224 89 5
297 235 12
216 37 8
210 207 14
30 134 10
231 47 6
202 50 7
65 259 6
6 264 2
64 46 11
18 8 8
89 46 3
219 287 9
60 233 10
139 46 15
143 31 17
84 147 11
289 31 20
56 81 12
86 269 14
253 95 5
267 256 4
139 61 9
283 175 7
235 125 12
74 210 11
287 296 7
222 193 7
234 180 9
13 66 1
185 171 16
216 169 16
31 95 16
210 32 16
279 91 7
137 167 13
86 1 19
139 194 7
191 129 9
245 86 20
35 193 2
53 132 20
257 180 13
69 194 13
187 209 1
187 120 13
147 3 8
116 231 18
59 289 14
262 142 3
265 51 10
290 97 8
65 139 19
211 3 12
49 161 10
130 240 14
252 61 18
141 223 5
250 32 2
44 110 8
279 27 12
4 273 9
200 187 11
272 179 19
291 52 12
228 136 8
49 107 14
232 287 15
142 112 9
126 6 10
123 183 15
169 48 13
66 33 7
192 77 11
296 162 3
78 154 18
265 88 8
147 67 19
83 232 20
20 64 20
4 137 17
127 218 2
169 133 9
15 143 12
109 118 16
126 5 5
292 46 11
124 263 3
46 93 7
238 244 11
142 179 12
182 139 5
205 260 3
119 190 12
21 98 1
221 287 10
196 168 1
273 248 5
109 128 14
177 43 1
272 203 1
17 282 11
285 178 19
234 259 18
130 173 18
12 184 19
169 54 12
76 248 18
50 82 19
43 66 8
133 191 4
162 293 10
174 261 8
244 204 14
3 275 3
262 67 13
143 174 19
267 255 18
276 297 10
168 74 15
26 263 6
167 223 17
186 37 14
160 21 18
143 160 5
186 112 14
21 195 14
290 86 2
251 33 1
33 289 1
1 208 12
110 299 8
172 231 10
25 280 1
299 82 15
97 130 7
78 15 16
97 43 4
155 161 10
84 209 20
157 209 12
248 138 6
297 170 7
194 183 5
141 118 2
298 277 10
85 1 3
251 111 5
46 280 6
95 133 8
27 256 5
56 94 6
127 172 3
191 14 5
5 176 17
188 230 9
178 245 11
64 9 11
110 287 2
283 66 2
12 48 4
39 134 15
255 34 15
37 35 8
110 119 3
15 34 17
28 231 13
247 174 19
30 15 3
85 71 1
13 149 5
108 148 13
279 95 11
222 99 2
128 70 18
98 20 6
90 171 19
26 252 7
194 282 18
19 77 12
188 277 11
73 5 4
197 137 8
151 271 20
52 155 4
267 48 18
179 129 1
1 44 2
90 52 13
14 297 16
211 53 16
85 22 16
247 214 11
135 210 18
45 237 9
227 180 6
203 69 8
132 0 8
104 30 6
263 102 5
103 124 8
257 33 1
23 199 5
216 150 12
118 22 5
123 248 9
151 6 8
200 114 15
56 77 2
105 117 11
227 31 10
230 1 4
177 254 7
136 176 12
133 124 11
270 144 13
167 299 18
244 277 6
243 74 17
289 137 15
143 267 6
253 205 10
27 212 16
96 209 11
128 183 5
17 25 17
178 290 7
135 0 3
273 209 1
99 26 14
186 259 1
213 196 18
110 23 13
224 117 2
90 151 2
13 127 5
45 248 12
67 253 4
96 19 3
152 161 1
249 269 15
162 107 15
17 135 10
120 60 9
121 174 15
113 188 16
168 67 14
91 83 11
134 7 16
195 61 1
288 192 15
171 107 2
246 34 6
59 40 13
278 126 6
198 207 3
189 258 10
41 287 18
212 290 5
241 89 4
290 44 13
235 293 12
179 90 14
141 248 3
36 42 3
134 286 2
36 30 13
143 72 3
142 191 11
280 121 10
183 263 7
181 126 6
57 230 8
54 257 16
2 114 17
298 211 12
190 213 10
218 298 5
41 199 15
219 191 4
242 41 15
244 171 15
189 22 10
160 190 15
270 199 12
79 188 6
81 183 6
164 167 18
23 218 3
38 259 9
210 2 19
80 165 20
196 139 19
30 95 12
287 259 14
121 290 9
62 80 11
288 189 15
52 161 6
38 251 20
189 20 12
46 2 2
22 124 16
181 184 17
249 79 11
240 61 15
56 34 13
8 221 9
191 8 13
30 151 6
154 76 14
52 69 12
43 183 18
174 222 12
95 213 20
296 103 11
171 170 20
265 290 13
275 233 19
174 104 8
247 273 2
258 287 13
219 64 16
209 176 19
298 76 1
254 229 11
296 231 8
243 281 9
284 160 17
34 138 13
84 108 14
11 255 19
81 33 20
33 90 4
192 207 12
274 74 19
191 119 15
221 193 3
208 283 2
139 279 14
19 266 9
254 180 13
235 110 7
99 247 17
293 173 15
291 145 7
296 247 3
155 213 16
103 160 5
187 31 2
277 280 18
173 69 12
208 183 16
159 16 5
5 74 10
253 183 17
140 280 3
88 22 3
19 122 18
152 93 15
154 58 19
203 149 7
245 46 13
90 221 6
81 260 19
274 15 2
63 30 15
215 258 14
194 2 20
23 268 10
258 159 15
249 187 1
72 262 1
19 254 7
234 172 17
91 153 20
142 164 15
241 181 17
149 46 12
160 219 5
184 152 20
51 97 6
247 222 14
252 22 2
112 219 17
164 277 11
182 73 10
265 241 2
40 6 10
52 187 3
247 215 19
127 247 17
208 279 2
33 11 7
93 24 18
230 137 2
195 43 17
199 87 3
131 137 8
21 5 20
142 109 19
141 34 7
28 137 18
211 194 1
47 19 2
248 291 18
143 235 1
232 236 9
207 213 7
259 99 16
191 63 19
170 55 20
46 175 5
88 279 8
176 16 5
125 103 6
169 190 18
54 66 2
47 135 13
168 76 14
7 218 15
202 126 15
280 172 4
38 67 6
20 274 5
272 287 8
53 54 14
20 276 11
71 33 16
282 166 3
250 127 9
19 101 5
297 91 9
149 62 2
172 108 18
115 170 1
18 64 12
47 160 3
206 294 5
101 10 9
243 105 12
189 188 3
12 101 17
262 48 8
193 265 16
176 188 5
290 188 10
195 59 3
130 125 5
288 297 16
38 2 12
192 45 15
91 260 7
164 38 15
53 73 2
2 42 1
155 113 12
272 81 6
294 224 3
151 125 14
142 246 15
60 57 19
123 227 13
100 279 15
105 126 7
197 58 2
201 288 19
78 14 18
239 254 17
36 277 10
77 45 14
69 131 1
238 215 19
153 35 9
183 168 19
174 89 16
57 285 7
136 285 3
207 134 17
42 8 4
60 122 17
101 163 3
23 158 20
256 255 18
97 52 8
194 162 8
59 104 14
88 47 7
44 97 12
110 32 10
7 83 19
69 284 15
268 135 9
70 110 5
193 78 10
57 45 14
90 291 11
226 63 12
162 67 18
262 42 19
87 157 14
142 173 5
126 15 16
56 9 14
24 99 15
265 250 16
283 140 6
10 130 14
178 175 2
201 119 1
76 210 8
9 173 9
275 267 6
281 123 16
69 4 18
46 184 13
223 26 4
30 91 1
76 40 17
262 245 1
149 16 18
25 229 17
181 198 9
215 79 16
70 8 2
120 9 14
160 11 1
61 119 10
105 146 2
268 221 2
120 12 15
233 100 15
229 152 4
284 234 17
148 29 9
40 207 11
218 79 14
298 197 5
178 102 11
106 103 6
170 263 3
62 28 20
123 112 18
149 124 12
168 115 12
265 30 1
298 249 18
251 108 11
146 242 2
243 166 4
118 132 19
160 59 14
60 83 5
16 60 18
10 86 2
55 239 19
225 185 2
146 189 6
147 100 3
61 97 16
22 262 17
77 143 8
9 174 10
275 2 8
125 114 9
66 189 10
234 217 16
271 142 8
53 62 4
219 66 6
6 15 6
125 136 7
267 258 17
96 26 8
223 106 8
202 40 8
63 149 19
137 49 3
35 74 18
139 2 8
35 39 11
39 8 12
150 202 10
75 262 7
148 214 18
34 151 20
156 189 18
299 279 3
59 27 2
196 291 3
42 239 2
208 149 4
76 164 9
231 8 9
0 172 9
50 297 4
86 62 9
187 38 11
272 150 12
22 238 7
36 111 4
294 116 12
146 84 9
172 178 8
71 6 7
266 287 14
252 269 9
65 63 10
111 163 10
44 249 6
187 12 5
37 78 17
61 227 12
245 234 19
100 116 13
290 181 12
289 168 5
25 115 4
141 10 13
12 123 13
254 8 8
124 199 9
57 127 2
181 192 6
203 216 4
142 27 20
217 264 7
7 98 1
34 140 15
125 243 12
198 6 17
232 248 3
258 11 8
128 216 7
267 75 8
148 107 3
22 240 18
227 126 19
34 99 14
165 292 9
130 55 13
238 232 1
41 40 6
33 73 1
166 148 6
203 214 15
117 283 13
90 23 10
156 48 17
297 202 2
299 225 18
118 77 15
160 146 18
61 298 2
226 139 3
197 269 16
280 253 16
185 258 12
88 20 12
0 91 17
62 91 1
244 115 17
208 278 7
96 119 11
275 166 9
156 2 10
80 256 19
170 62 20
144 119 19
142 44 15
93 16 11
99 102 8
70 222 9
205 151 16
56 48 6
57 238 4
135 271 13
259 227 18
275 133 15
31 39 2
34 0 9
104 74 20
270 107 1
282 63 20
134 112 4
190 42 3
290 109 12
79 95 10
52 298 16
109 68 19
225 171 17
63 7 1
188 284 4
171 39 13
118 150 1
287 255 19
58 274 2
65 206 10
63 269 11
67 224 6
50 44 17
149 228 12
196 208 5
138 13 8
122 34 2
259 34 1
265 67 20
139 59 13
222 220 19
166 249 16
126 146 18
291 245 13
64 234 4
209 242 8
190 55 2
289 14 17
198 288 14
11 48 6
227 222 1
163 201 2
186 226 11
135 23 8
249 162 3
23 266 15
55 225 2
122 265 13
75 272 5
232 294 2
177 16 3
110 121 12
12 175 10
200 271 19
98 141 12
261 6 6
122 26 17
102 2 8
152 121 6
182 206 10
215 123 11
262 241 2
91 139 7
38 206 19
62 24 18
76 104 19
133 67 16
165 268 10
6 134 17
294 9 8
35 241 14
228 17 14
88 31 1
13 105 11
288 199 17
189 241 11
213 180 6
298 82 12
90 156 5
114 267 20
40 24 13
147 217 5
241 76 18
222 246 10
35 154 10
128 19 16
219 82 4
70 221 3
272 40 20
206 172 15
111 257 11
46 186 10
46 24 12
170 229 9
50 228 19
227 58 16
3 149 16
135 158 4
25 278 18
67 68 18
66 112 15
239 295 15
240 11 13
39 199 15
129 178 7
97 287 15
281 195 19
179 96 9
292 37 15
51 293 14
125 67 16
38 76 12
160 125 8
51 206 8
58 72 12
147 85 11
245 5 12
292 224 6
293 270 6
216 10 19
134 143 4
121 299 7
237 278 2
98 275 4
292 214 13
13 279 16
226 193 4
186 262 18
110 243 15
54 293 7
160 182 5
118 127 6
221 292 13
23 200 1
112 31 8
140 59 1
147 232 1
259 226 5
102 76 12
195 87 3
253 272 6
121 60 1
48 89 2
67 213 10
155 61 5
210 138 17
296 140 13
63 103 12
114 195 19
129 114 6
238 198 7
140 11 11
42 21 8
120 105 10
144 272 20
286 96 19
66 5 13
221 244 2
11 147 4
32 261 19
73 213 2
55 115 17
186 173 3
82 289 18
97 194 6
70 233 7
174 90 16
261 12 11
24 150 16
12 149 16
137 248 17
112 262 4
281 230 18
240 235 20
299 5 14
296 57 4
199 271 19
3 289 4
224 293 10
128 205 10
255 140 9
263 65 1
34 4 15
109 62 9
289 48 17
183 196 9
255 297 17
277 284 5
6 56 5
82 32 12
84 235 9
297 250 16
85 11 1
49 30 1
193 1 10
254 292 1
149 275 1
114 150 4
27 156 12
191 282 19
59 216 2
284 199 8
91 217 5
127 74 11
19 165 17
107 161 17
78 249 12
95 196 9
296 177 19
216 98 6
107 268 17
246 129 5
87 124 12
166 242 12
163 133 16
61 183 18
214 25 1
191 184 15
234 142 17
137 168 15
253 129 19
190 254 19
112 216 6
119 25 20
207 82 16
14 232 14
12 156 5
95 105 14
149 274 5
135 82 11
8 274 7
60 212 15
207 164 5
296 89 6
106 128 9
158 265 5
220 106 1
241 24 11
234 160 1
284 235 7
47 105 15
17 144 1
33 41 6
247 91 12
3 201 5
217 173 17
48 270 7
179 290 18
208 229 19
198 182 15
107 165 13
147 0 11
158 2 1
238 54 6
151 193 20
283 297 17
267 209 17
251 152 4
293 28 5
136 291 15
143 275 11
140 80 9
153 62 20
109 198 8
100 52 18
174 171 17
133 141 17
122 94 1
185 287 1
71 110 5
269 288 2
232 119 13
55 21 9
55 32 9
59 276 15
94 265 16
127 217 8
23 279 12
179 168 13
223 202 18
225 73 15
241 200 14
262 11 12
246 116 6
220 191 18
153 76 12
158 259 14
247 255 20
216 230 10
31 50 11
54 180 4
249 122 6
224 283 17
28 218 10
22 139 6
273 45 9
170 215 13
41 211 7
124 3 17
124 278 16
144 257 20
192 125 16
82 8 2
126 26 6
252 219 7
193 267 8
144 185 3
181 50 20
134 120 19
144 222 13
32 171 2
29 261 19
238 171 3
168 53 13
265 281 6
163 77 18
38 36 2
179 208 11
78 273 20
131 88 7
57 161 10
25 175 18
86 246 8
115 31 12
59 295 7
54 137 15
22 54 2
227 196 17
156 126 4
14 64 11
87 197 11
104 219 15
197 117 5
90 247 14
261 21 19
295 24 11
3 212 2
103 45 3
275 50 14
75 288 7
201 199 20
183 165 20
294 247 17
126 121 6
42 250 18
177 14 11
224 277 12
291 152 11
284 102 17
224 241 2
174 102 20
243 294 5
152 256 2
275 60 1
260 87 11
139 202 10
137 134 20
62 216 5
56 235 10
155 74 4
259 43 18
39 255 4
196 296 11
173 104 14
181 208 15
199 97 19
212 23 11
215 269 18
230 136 11
290 246 18
79 103 13
204 20 16
240 232 14
61 173 17
136 267 7
69 149 9
216 219 3
82 101 1
100 286 13
142 183 10
155 197 16
112 93 12
248 89 15
182 271 2
261 108 7
77 66 1
109 259 8
122 71 11
155 79 3
201 90 11
153 39 2
191 275 15
216 243 2
163 76 9
286 163 7
154 223 12
178 168 4
276 74 4
200 80 13
203 172 9
19 9 11
37 68 20
5 19 9
297 267 2
130 205 14
228 37 11
41 104 10
8 195 16
211 246 12
261 83 14
216 133 14
75 218 1
76 71 15
220 156 17
247 110 11
146 195 10
58 158 4
268 125 17
116 99 16
298 129 5
210 195 7
119 123 20
217 254 8
120 89 11
133 135 16
166 54 12
229 150 18
84 13 3
154 73 5
145 169 3
210 6 12
178 94 11
238 219 2
261 181 20
133 188 1
36 214 4
14 138 16
257 40 14
102 290 3
60 114 19
135 220 18
19 134 10
113 122 7
183 151 18
53 33 14
199 245 9
20 247 1
174 290 20
79 75 8
295 108 6
101 225 19
232 126 14
216 226 3
113 249 7
97 204 19
99 126 5
59 298 17
278 21 8
212 158 8
231 195 15
204 63 3
240 294 16
46 242 15
187 96 2
28 193 16
71 137 12
173 274 14
110 191 8
215 229 7
176 191 15
138 157 2
138 242 20
268 33 12
280 72 2
125 35 14
35 95 16
282 35 20
294 96 6
143 265 18
44 109 18
17 77 1
186 166 14
162 209 14
94 13 15
37 46 20
179 58 8
258 285 3
242 171 9
119 212 20
51 167 17
280 102 8
161 263 15
22 154 2
116 148 16
77 293 9
130 104 4
214 24 2
261 43 8
49 51 8
229 262 3
79 161 3
6 170 12
128 230 13
6 64 1
237 152 12
2 247 13
132 39 15
200 10 3
127 259 14
31 23 6
85 283 1
209 218 14
200 246 9
143 90 10
194 229 1
175 103 8
195 259 1
12 272 3
106 47 8
73 45 8
67 14 9
187 26 5
181 120 1
75 165 8
161 0 11
161 219 19
86 240 14
161 78 11
259 121 15
226 37 1
288 185 16
288 145 12
137 250 19
195 132 15
78 42 1
141 95 17
91 240 3
23 224 8
288 98 1
172 88 10
76 69 8
96 213 8
111 157 17
64 197 20
99 127 17
261 228 1
37 267 7
142 270 13
98 27 20
185 24 13
210 295 15
55 105 12
238 203 12
291 124 3
187 295 18
215 281 11
197 229 14
222 210 15
279 281 20
48 46 15
235 170 13
31 245 9
204 36 2
56 69 4
1 216 10
115 8 17
259 86 4
235 188 1
210 167 12
55 80 7
155 258 19
86 125 20
50 120 1
192 130 4
242 8 15
38 121 11
268 228 11
40 255 17
21 194 1
30 184 13
216 72 18
220 201 10
133 110 17
77 274 20
79 52 13
272 243 17
121 82 12
177 84 14
293 287 11
62 199 9
31 57 19
183 91 11
94 254 7
225 71 18
243 215 15
119 97 7
81 284 18
259 294 4
211 14 3
52 40 5
32 219 18
9 252 11
109 57 11
107 12 6
2 157 9
144 179 15
269 177 9
85 211 10
101 97 17
256 239 12
59 297 9
26 294 20
125 293 18
120 16 14
10 283 13
229 189 16
243 130 10
109 102 3
270 152 4
123 187 2
105 185 11
74 157 16
121 267 4
153 47 2
64 210 5
138 267 4
180 88 19
29 79 16
235 236 16
192 266 17
156 24 11
285 234 8
127 29 1
272 109 14
231 236 13
194 48 7
22 162 11
116 10 3
62 229 12
56 141 6
18 30 16
259 123 2
217 78 14
31 118 17
19 233 16
86 157 11
290 213 3
295 172 8
232 157 1
7 276 13
39 192 16
72 127 7
27 41 5
55 126 19
21 41 12
24 165 6
212 77 15
157 286 20
88 38 11
170 161 10
264 143 4
88 181 6
76 166 1
221 6 9
255 148 3
235 82 1
0 251 10
121 241 20
71 249 2
141 148 9
149 61 19
13 236 17
78 266 17
100 242 18
194 158 7
1 114 12
267 194 7
50 260 19
290 175 6
42 219 18
4 53 9
191 198 1
25 74 6
153 13 12
278 233 9
251 120 16
142 119 10
26 75 1
119 76 1
210 227 11
80 172 13
299 287 15
124 190 16
155 199 6
195 107 4
297 39 16
47 225 10
88 149 2
173 265 11
155 58 10
203 221 5
278 196 2
192 291 13
71 128 15
180 27 14
194 67 11
174 299 13
135 263 20
82 192 10
59 137 6
251 76 12
55 54 15
135 33 19
165 240 9
243 278 20
118 245 6
177 217 18
120 68 17
43 69 13
187 195 9
118 249 12
221 23 12
231 112 18
85 91 10
236 187 8
162 140 2
294 1 17
153 258 1
151 138 4
48 57 20
40 299 9
1 92 2
9 226 1
70 93 5
20 141 17
209 275 18
130 180 5
97 66 15
261 247 10
128 73 18
161 249 14
70 294 6
182 296 18
72 275 3
63 239 8
172 246 5
194 252 4
155 27 8
160 29 18
223 66 5
171 208 11
55 121 12
122 110 17
253 264 5
125 175 13
284 209 13
62 100 10
73 106 18
113 75 7
186 261 12
97 106 4
17 85 10
44 233 6
175 231 5
176 40 4
30 279 8
91 298 14
168 212 20
18 82 16
151 194 4
75 149 19
36 117 11
45 50 4
262 208 18
287 190 12
93 174 2
199 285 1
213 140 3
7 223 9
17 208 17
237 78 10
95 71 10
298 262 4
58 169 12
145 176 2
124 219 7
196 155 17
234 187 11
197 22 17
88 27 13
214 245 11
257 284 3
247 206 8
193 259 18
36 80 4
138 284 2
121 191 8
81 267 9
178 113 19
292 10 15
17 101 2
108 192 4
273 143 20
124 89 1
147 187 7
295 17 17
54 37 16
280 219 16
233 57 5
33 91 15
58 220 5
148 96 12
188 178 17
255 30 6
199 79 15
290 114 1
62 120 4
220 77 6
266 243 11
192 156 11
143 85 14
273 257 3
88 53 14
131 125 11
105 195 2
66 261 3
122 50 4
209 198 12
192 146 2
63 241 16
252 151 20
73 15 11
87 79 15
224 192 20
119 126 14
4 26 6
38 33 3
238 154 5
61 262 14
192 278 12
250 199 10
93 180 13
53 201 1
207 251 7
163 73 10
200 76 6
73 105 19
180 99 18
79 187 18
33 45 9
298 102 11
21 289 8
220 296 16
228 86 15
158 6 4
124 235 9
116 298 11
284 89 11
24 164 15
246 114 15
5 153 10
81 274 2
246 78 14
259 261 2
34 295 6
78 45 16
273 14 2
81 270 13
138 84 7
98 68 15
155 125 18
137 109 18
98 224 2
114 149 12
120 163 13
291 121 4
118 189 15
176 227 6
14 285 8
118 185 8
35 104 20
289 263 9
54 45 13
99 90 17
53 131 20
57 50 4
215 177 16
43 249 1
291 113 15
69 108 4
7 29 18
228 197 12
26 17 9
109 135 6
9 97 10
173 207 7
251 4 2
6 79 16
295 203 10
41 23 1
217 99 1
106 232 13
58 267 5
22 86 10
293 143 16
191 152 15
3 71 4
37 67 20
147 202 2
286 118 16
175 225 15
270 138 19
153 194 12
78 41 10
70 231 19
281 19 19
35 234 5
24 112 1
272 284 3
155 181 4
127 132 10
166 133 4
291 98 2
153 234 2
122 182 17
37 132 6
31 27 15
128 182 2
257 22 10
183 163 7
220 262 4
206 163 7
291 140 9
133 54 17
157 27 10
45 174 5
212 98 17
266 55 7
150 201 16
140 53 10
75 64 12
218 271 10
251 57 10
26 87 19
81 173 2
51 278 12
195 35 8
116 260 11
112 20 17
91 55 18
229 235 7
282 55 19
69 80 9
12 223 15
157 165 9
234 211 18
256 94 1
4 46 14
217 71 2
231 297 3
203 101 17
155 218 14
214 219 12
106 36 7
82 213 2
192 243 4
115 104 5
56 75 12
174 259 3
90 177 2
0 12 12
113 225 12
215 186 13
112 125 16
52 80 18
111 6 7
2 0 19
133 78 8
117 166 5
197 116 1
67 230 9
217 243 1
211 235 3
168 63 4
23 149 6
253 105 13
165 45 19
18 275 8
267 192 14
147 77 7
169 136 8
152 160 15
285 84 20
83 254 7
220 215 5
292 236 12
181 74 8
125 92 9
56 271 10
47 256 8
127 107 7
104 279 3
200 115 17
217 171 9
31 213 9
283 17 6
120 126 17
9 110 6
139 3 17
210 154 20
161 95 11
55 45 5
219 184 5
65 93 17
22 115 8
271 85 4
31 18 4
86 135 10
20 132 9
296 121 6
137 98 5
138 260 11
63 97 6
11 72 2
192 222 12
165 155 5
214 289 12
202 207 13
193 139 9
2 298 16
295 142 7
106 105 20
237 262 20
231 243 12
40 241 16
207 35 19
110 101 1
288 102 18
107 281 3
90 82 19
285 283 1
118 18 6
33 187 8
215 225 10
290 140 10
275 177 5
227 29 19
141 120 11
281 163 20
198 143 15
186 22 20
164 297 9
155 202 2
255 131 20
154 244 12
151 81 17
223 140 5
68 239 16
205 271 5
30 249 11
216 170 9
132 42 9
249 133 12
44 49 19
136 21 12
168 89 16
38 150 17
131 45 8
203 175 3
241 277 2
199 2 18
149 214 10
167 205 16
23 290 9
153 248 15
85 294 17
205 71 14
185 95 14
249 157 19
31 267 8
13 208 14
224 213 13
8 203 8
2 153 7
244 192 6
204 280 16
248 174 12
64 150 9
264 207 18
277 297 16
76 214 17
234 227 17
76 139 19
149 22 17
144 156 12
62 284 13
284 184 3
289 114 17
246 194 1
156 194 8
33 20 6
67 50 7
158 29 18
256 227 10
107 257 4
204 136 2
203 105 4
14 290 5
102 136 1
118 20 10
101 40 18
191 114 16
44 158 10
159 239 17
262 84 19
202 47 7
162 13 16
242 101 12
117 288 12
204 255 17
217 105 18
131 161 5
85 279 5
18 98 6
209 237 7
179 149 5
280 241 19
111 198 5
272 13 18
27 262 18
143 95 16
82 198 19
92 282 10
0 87 17
6 152 4
63 184 5
28 216 17
213 210 20
234 67 16
254 184 15
159 206 1
237 34 7
258 121 12
259 155 3
49 40 17
224 290 4
231 287 19
293 264 14
181 52 11
52 1 4
134 295 11
169 79 5
51 124 3
60 109 7
157 5 12
54 26 8
121 149 12
48 37 7
291 64 5
57 202 9
42 106 15
188 209 5
53 217 18
233 249 6
157 191 18
220 257 13
178 185 8
213 189 16
216 288 19
46 257 3
42 127 3
0 48 6
131 10 12
22 93 12
91 138 14
118 222 7
60 141 4
147 21 12
63 120 16
42 9 20
146 52 9
74 222 3
70 200 18
120 188 11
59 226 10
151 292 19
43 270 3
290 136 13
95 214 7
84 62 12
286 238 18
123 146 14
169 150 9
82 100 9
214 213 16
131 84 13
42 147 1
258 273 4
236 191 16
71 287 20
90 242 16
49 122 18
151 182 6
281 178 20
247 43 17
144 256 16
121 163 4
10 135 4
222 257 4
266 147 17
227 228 19
69 96 13
246 50 1
43 293 13
292 252 2
94 87 11
270 79 7
160 142 6
18 9 9
77 253 17
289 230 2
73 67 7
95 125 12
104 166 15
23 193 6
74 273 20
40 117 2
41 279 8
37 287 2
198 243 16
209 276 4
298 272 5
29 137 17
294 17 4
226 210 3
87 43 6
182 44 6
119 263 5
77 242 10
249 252 16
256 190 8
136 174 3
157 285 7
210 125 10
282 182 19
123 239 2
159 160 7
271 281 3
13 238 11
274 35 3
51 38 14
137 82 17
19 114 9
66 101 13
96 192 19
109 34 3
99 25 1
270 189 7
9 215 6
258 89 13
291 143 7
167 248 10
277 3 9
164 148 18
71 238 13
43 86 18
271 104 7
4 252 13
97 83 7
139 117 20
72 255 7
29 98 3
147 156 5
266 179 2
250 151 7
167 271 19
92 220 14
100 97 16
29 33 2
137 96 8
184 49 12
236 123 16
99 160 6
165 202 10
41 262 9
297 158 5
103 168 11
217 141 9
293 10 10
199 86 5
270 39 7
201 287 17
65 50 2
150 273 6
65 105 1
286 215 7
115 158 12
239 82 17
179 125 2
279 56 12
177 68 12
272 276 8
168 208 6
148 90 5
205 75 4
132 261 5
292 251 16
229 35 5
167 198 20
131 192 11
255 69 4
129 149 7
46 20 20
163 195 4
96 277 8
93 40 13
142 90 4
48 73 6
242 250 8
212 152 13
164 236 15
114 4 18
257 216 4
244 48 17
236 263 20
4 283 13
268 51 12
58 52 2
277 125 18
156 124 7
285 9 12
99 0 11
189 211 10
280 115 7
152 284 13
5 39 5
22 229 3
37 209 1
226 102 9
167 180 2
153 146 10
272 164 11
113 208 16
80 57 15
139 258 7
137 150 18
248 241 11
273 239 14
100 142 5
126 70 1
102 146 5
161 242 18
154 120 15
246 218 11
274 209 20
117 257 1
265 126 11
58 57 13
170 144 19
237 228 8
8 0 5
68 251 17
264 86 10
110 11 4
167 158 3
171 64 4
210 185 8
34 245 7
151 64 2
299 277 4
277 61 14
69 25 11
145 135 7
27 230 5
66 228 5
222 283 19
154 141 20
65 29 13
277 27 11
140 67 11
2 249 8
44 84 20
236 83 1
18 99 16
237 239 13
119 219 5
137 67 3
232 212 20
256 163 8
166 147 15
225 241 6
42 192 1
230 187 13
62 190 12
78 85 17
20 211 1
264 118 15
255 42 20
83 259 1
73 222 2
278 120 19
120 84 16
235 128 12
140 64 16
97 80 15
196 190 17
295 180 19
296 39 9
86 145 18
247 152 4
250 238 6
208 7 14
299 251 14
272 22 4
289 12 6
173 75 6
144 159 1
24 284 1
191 169 14
13 87 10
78 72 8
281 106 1
121 20 17
186 102 1
164 181 5
141 191 19
5 216 17
149 204 10
11 283 12
205 222 1
200 198 4
205 120 8
16 213 2
86 23 12
44 104 6
56 283 14
298 200 10
242 223 3
210 237 5
192 263 6
176 241 9
136 250 6
75 72 7
280 125 6
141 181 1
288 66 1
64 270 6
134 284 14
41 241 2
202 216 7
126 109 5
146 184 8
188 13 16
45 25 10
26 293 5
280 136 16
35 168 20
199 261 20
122 69 2
209 29 9
159 13 2
275 58 9
45 188 9
99 149 13
247 245 18
22 164 7
77 207 1
234 122 9
138 50 11
126 81 10
145 66 16
219 89 15
11 5 20
273 272 11
76 133 12
51 4 13
174 219 16
80 3 5
156 284 3
70 21 4
117 227 6
18 22 19
158 110 13
118 79 15
177 232 2
150 269 19
212 226 7
279 291 14
204 148 9
99 31 16
101 230 10
238 204 8
267 102 15
162 254 3
78 180 2
113 153 3
103 47 20
247 121 14
155 0 5
279 44 15
68 136 17
153 46 5
178 70 3
264 66 9
2 237 7
207 286 18
44 106 7
260 148 3
106 275 4
105 226 19
246 53 12
31 136 10
288 183 9
279 137 1
202 124 10
151 48 5
165 241 10
161 203 12
140 248 9
286 260 3
127 138 17
217 277 13
146 144 16
133 113 16
164 147 13
75 135 1
187 130 4
8 165 14
0 100 14
234 7 2
170 291 12
88 184 12
127 48 9
186 271 6
263 14 14
103 100 10
73 221 18
155 150 11
90 144 4
222 36 14
143 158 12
25 70 13
192 161 20
150 37 20
81 280 12
246 271 12
72 126 7
212 125 8
254 109 10
250 19 20
146 60 13
212 120 16
187 211 20
140 58 4
225 128 5
59 58 10
0 215 16
78 265 10
149 223 11
237 169 18
88 86 19
28 226 5
94 207 9
37 148 17
92 209 9
195 160 2
278 169 14
17 112 13
195 155 11
112 39 20
139 206 5
62 219 9
190 133 5
242 2 12
38 237 1
89 158 1
8 79 3
139 295 3
70 90 7
94 264 17
189 141 17
110 177 7
70 154 4
90 34 10
140 83 19
143 164 18
25 243 14
57 95 11
159 18 3
82 264 14
98 148 17
275 110 17
156 230 17
198 223 1
10 210 15
106 62 9
1 148 3
239 49 8
250 51 16
149 131 15
284 100 17
284 203 17
246 77 13
90 32 20
126 217 14
10 147 14
156 264 5
251 119 14
117 75 7
293 73 2
53 269 15
297 175 16
149 272 20
108 7 6
95 261 6
67 26 16
194 278 17
38 31 20
154 151 11
255 177 5
267 90 3
283 32 18
193 97 13
274 45 1
81 48 16
119 265 5
79 260 19
127 223 19
163 54 11
233 110 5
221 291 4
153 34 18
19 216 16
187 39 2
265 25 17
48 146 20
91 105 3
39 60 12
16 127 19
72 102 12
170 174 15
105 4 20
266 130 6
46 62 6
218 249 17
220 200 7
92 5 18
199 90 5
51 147 13
217 21 6
161 209 11
36 244 3
57 107 15
245 20 6
196 188 11
43 157 11
129 250 6
208 147 13
258 76 9
243 17 9
163 103 10
46 26 16
144 83 4
223 171 18
228 267 7
75 298 11
264 243 9
222 75 11
114 223 6
299 205 16
92 190 3
26 102 13
190 91 13
270 93 2
283 29 17
229 178 14
264 88 2
289 62 8
277 219 4
144 18 19
19 251 6
43 232 14
159 188 19
139 104 12
255 20 17
27 221 2
138 110 8
257 109 9
104 259 14
230 218 1
200 107 15
75 243 2
176 289 20
145 234 16
207 62 11
27 22 8
294 228 10
157 287 6
239 38 18
2 148 13
41 146 4
184 35 10
100 98 5
218 232 8
23 118 13
61 84 14
272 35 1
83 235 14
175 86 8
41 293 15
1 237 5
196 104 12
271 8 10
251 220 9
72 18 11
35 176 16
286 77 8
250 279 11
89 183 17
98 0 11
53 178 12
184 156 9
155 239 19
180 133 6
6 107 15
157 149 5
203 144 3
90 31 4
100 41 8
243 225 13
79 41 14
221 44 16
123 237 5
278 241 12
70 31 3
7 191 2
271 79 1
259 74 14
226 178 6
122 83 8
55 1 18
63 72 19
69 92 2
44 278 2
93 36 17
285 172 18
148 87 6
35 71 19
17 261 17
144 200 14
14 23 12
115 159 7
245 271 15
203 40 11
6 46 8
41 204 12
240 264 4
282 124 14
248 280 15
78 127 11
53 99 20
276 214 15
295 192 13
154 273 16
196 260 1
47 176 20
243 253 15
47 237 4
34 212 13
35 186 2
132 243 20
27 54 17
258 41 19
110 229 11
93 202 10
12 257 18
94 246 1
258 3 12
84 249 3
128 105 1
169 182 20
29 245 17
244 161 12
26 286 8
61 121 18
10 35 9
267 261 6
30 163 16
173 118 2
159 82 7
225 117 5
33 213 14
268 205 8
29 60 19
104 142 7
216 99 6
283 299 13
81 30 14
215 93 3
18 193 12
232 277 5
299 286 19
256 90 7
16 1 8
172 117 20
231 229 4
239 160 19
24 51 1
279 82 10
255 25 14
110 257 17
227 107 7
83 48 16
107 42 14
226 49 17
136 273 6
206 150 5
239 124 7
144 21 9
74 231 8
218 216 8
231 220 13
84 185 18
269 228 18
60 111 12
21 118 14
163 70 3
254 137 4
116 71 18
20 42 11
83 262 15
29 74 7
171 127 10
202 143 3
16 237 1
79 153 15
150 101 12
97 15 15
214 282 7
275 100 15
229 107 2
183 6 19
247 291 7
20 285 7
251 116 7
22 168 2
10 189 20
40 42 10
228 235 6
199 70 16
234 85 12
147 216 2
269 259 3
89 66 5
171 292 17
153 128 17
41 248 10
220 248 17
137 104 18
223 103 13
134 238 1
26 61 7
88 270 14
226 264 14
129 268 8
237 248 20
234 100 3
94 279 15
45 11 8
211 40 2
132 112 3
48 24 7
277 75 6
263 93 19
212 71 17
53 8 6
166 293 13
2 125 5
252 247 3
63 213 16
287 142 16
86 83 12
134 246 18
42 252 19
234 159 7
136 14 5
162 165 9
283 43 5
42 85 13
256 95 18
188 208 7
218 71 16
181 149 11
254 270 14
179 257 10
156 183 7
57 183 5
209 134 1
95 190 17
270 240 13
130 163 12
120 285 9
259 118 7
38 272 3
291 151 12
225 105 6
117 108 3
205 203 2
220 130 20
279 140 14
73 121 4
140 235 17
237 121 17
249 267 6
44 151 11
210 176 12
265 72 11
251 192 3
130 167 16
22 110 20
183 143 20
246 13 6
26 29 16
114 112 10
6 267 20
129 78 17
289 81 14
109 211 18
189 257 7
220 233 16
53 191 14
68 78 14
109 13 18
202 136 7
92 112 14
59 138 6
204 274 1
145 285 15
191 124 2
7 11 20
275 77 14
82 296 19
31 200 20
40 37 13
44 16 9
2 181 16
61 257 20
71 70 14
234 78 9
123 278 7
143 67 7
102 185 16
139 172 13
3 151 18
102 261 2
143 87 18
127 110 10
284 124 8
196 267 7
156 110 6
168 100 7
19 193 7
203 96 15
68 76 20
3 168 20
61 230 6
118 202 16
130 7 15
39 252 14
27 24 5
158 246 5
222 59 9
175 166 12
268 183 14
13 141 7
32 44 14
266 227 2
57 174 14
221 197 16
61 211 12
87 110 7
221 125 15
15 50 10
84 145 10
169 277 4
16 189 20
130 11 15
266 75 18
190 84 15
107 69 7
64 100 17
203 42 12
142 153 2
214 163 16
138 224 3
192 52 20
40 29 3
57 67 4
55 125 6
146 234 11
20 128 5
292 297 16
257 279 20
217 291 2
251 151 13
111 276 1
107 135 19
81 65 13
173 138 18
40 274 12
217 226 9
253 100 3
242 168 19
251 242 18
167 57 2
71 284 20
183 99 13
96 217 6
34 273 2
265 148 19
18 297 6
268 210 5
1 149 18
195 138 4
14 128 3
299 93 16
201 15 14
270 263 10
64 30 2
213 143 11
289 79 19
235 142 2
144 14 1
278 141 13
142 163 13
280 70 5
176 106 14
188 44 8
109 93 15
51 60 5
265 202 6
30 53 20
142 152 15
221 177 19
290 297 17
267 129 10
141 59 17
286 156 17
112 124 4
132 27 11
3 46 7
105 78 14
214 243 15
143 135 15
225 229 14
287 84 9
260 119 15
102 69 11
281 86 12
4 199 18
188 20 11
95 76 6
193 75 15
3 96 1
40 281 12
264 261 12
159 273 17
189 127 17
77 120 15
21 297 2
173 86 6
45 26 13
237 261 5
207 206 18
221 229 12
173 161 5
199 167 7
166 48 7
29 72 15
154 61 16
285 212 18
104 290 18
13 204 5
244 164 20
69 87 8
104 36 14
203 13 18
35 243 5
203 198 1
190 281 7
26 151 16
279 294 9
293 136 3
193 121 18
57 264 17
64 124 6
35 22 14
182 42 11
258 22 4
225 7 16
291 21 1
217 157 20
247 182 5
195 223 5
285 163 1
6 178 10
30 284 2
226 231 13
5 4 9
9 251 20
248 184 16
237 286 14
136 155 14
252 211 16
69 169 17
233 33 1
61 162 18
210 91 11
43 248 11
143 208 18
22 213 11
272 238 1
85 186 7
274 87 2
253 75 4
87 106 16
168 224 15
48 237 12
245 260 14
202 197 17
59 54 13
82 284 20
117 142 9
168 229 10
264 276 10
137 8 6
216 287 17
254 124 9
118 214 2
101 7 14
9 150 12
99 158 10
203 108 18
36 29 18
136 236 5
130 41 11
14 293 14
50 259 9
22 187 10
26 41 18
91 26 4
88 84 13
221 248 17
276 3 7
50 11 3
53 141 8
109 200 11
55 275 13
144 174 12
99 138 13
188 16 19
227 155 8
92 124 6
111 76 15
155 17 12
248 267 10
35 232 9
224 121 20
170 214 16
77 49 11
257 240 19
211 170 12
47 191 8
167 165 8
54 221 9
76 41 8
20 215 8
95 175 10
216 277 8
12 221 18
133 295 17
120 224 4
202 32 7
50 279 13
152 98 12
43 264 9
20 242 6
184 66 3
151 46 13
236 28 5
262 169 9
184 89 10
32 98 9
90 289 10
282 184 2
220 162 17
165 50 15
41 193 17
71 42 8
136 106 17
64 246 14
44 114 5
14 247 15
118 198 2
249 125 12
98 57 17
8 113 4
107 202 14
193 52 10
174 167 12
169 94 19
44 152 2
27 91 5
181 175 12
263 271 18
158 78 4
12 140 6
129 8 16
21 293 10
280 270 4
228 208 6
75 140 15
188 285 3
92 91 3
37 137 13
282 156 7
122 120 20
179 270 7
162 244 8
298 266 16
240 100 8
240 40 9
28 212 8
75 234 7
260 277 2
127 63 3
207 150 12
234 276 8
92 155 4
30 84 10
80 216 4
252 266 9
202 22 10
234 73 12
140 111 16
121 270 17
116 117 19
158 256 19
166 94 20
147 205 15
253 57 8
2 293 2
92 53 7
96 141 13
202 141 14
168 98 9
253 274 13
163 97 13
285 98 11
122 168 7
109 145 15
137 87 9
36 205 20
167 175 14
49 38 8
187 220 3
158 73 3
257 99 15
155 15 13
202 106 4
37 152 7
147 288 3
257 82 16
96 163 18
56 194 1
41 126 9
199 267 8
173 299 1
293 19 2
218 48 14
180 20 5
62 162 5
138 35 3
280 6 12
143 142 12
7 237 9
0 255 16
94 68 12
211 91 15
167 161 11
268 3 18
79 27 5
44 264 11
266 108 11
289 192 4
237 35 13
139 298 2
50 123 7
219 289 2
128 85 14
146 89 13
212 26 5
79 297 5
263 67 19
93 43 13
112 2 4
243 15 17
109 202 9
44 85 4
105 221 3
66 295 9
17 129 14
150 265 5
259 299 8
33 62 3
153 138 14
179 220 15
206 37 18
58 161 12
187 215 8
270 32 10
25 87 17
7 117 5
26 57 17
171 262 15
115 191 8
253 136 19
230 154 3
186 206 10
55 82 16
212 37 7
39 186 2
5 35 17
39 206 13
38 20 16
174 44 1
220 140 2
269 291 6
215 228 15
283 257 4
6 187 10
239 272 18
227 140 16
126 194 15
135 248 15
170 225 11
297 69 5
80 128 18
171 263 7
170 24 1
119 134 5
132 7 9
31 101 1
143 255 6
59 145 20
203 79 20
41 101 14
292 207 18
6 191 17
239 164 12
209 24 11
156 203 13
141 283 3
267 198 1
264 22 10
179 285 16
247 26 15
245 272 5
164 222 8
186 274 19
298 95 3
21 170 3
134 46 7
203 11 8
151 127 1
197 69 12
161 174 11
2 3 7
234 190 7
280 242 2
36 181 9
94 175 6
228 270 11
217 5 6
235 12 14
103 244 6
163 226 14
107 265 17
275 203 1
61 42 19
134 180 13
53 156 10
83 148 16
3 115 13
231 11 2
105 11 12
59 23 2
7 19 2
171 102 12
3 184 12
110 124 20
286 150 7
153 87 12
211 269 15
170 12 16
82 84 2
34 12 7
192 286 8
289 139 8
190 280 15
259 156 4
282 158 10
165 247 10
158 124 6
250 93 3
163 186 18
277 1 8
205 179 12
298 284 3
298 288 8
55 79 7
193 183 14
86 288 14
100 173 7
21 60 2
242 38 6
157 64 16
128 229 7
117 92 12
299 15 17
36 51 11
230 298 15
185 77 13
225 281 16
110 236 4
298 50 2
184 287 10
154 219 8
208 174 6
259 18 8
64 68 14
239 45 20
166 221 14
273 231 12
68 70 5
195 164 15
277 180 10
242 86 11
149 14 1
107 80 9
227 135 13
193 62 13
138 230 12
231 149 2
178 13 4
35 215 6
279 93 12
90 11 20
122 6 13
66 203 15
74 218 3
216 70 8
242 99 5
110 54 18
52 269 19
132 287 16
42 125 18
232 299 15
84 122 11
103 43 17
96 27 3
110 90 10
107 63 17
101 43 1
134 116 1
152 43 12
256 165 6
143 151 11
164 102 17
133 145 9
47 37 12
125 162 9
125 139 4
224 0 8
10 265 20
234 25 10
7 5 4
89 279 6
189 86 15
125 272 6
200 195 17
2 279 7
35 293 1
0 289 16
233 36 2
277 46 2
155 123 5
11 138 20
297 55 8
140 286 14
76 294 10
82 163 14
205 32 4
151 123 5
200 37 9
240 206 16
110 296 13
49 261 17
141 208 12
138 63 16
231 0 11
39 277 15
291 199 5
23 252 14
294 83 15
109 119 5
25 291 10
196 137 16
263 156 17
4 179 14
282 69 15
66 96 6
260 105 18
47 142 19
280 1 6
192 271 11
220 18 9
119 271 15
275 226 15
88 188 5
246 245 7
134 32 11
171 241 18
95 11 13
296 20 17
61 14 14
35 51 9
297 28 14
293 114 5
148 114 2
189 56 14
68 198 1
29 146 14
122 220 11
154 164 15
274 9 16
126 14 15
219 21 13
128 135 9
223 128 16
291 176 8
215 208 8
271 180 16
96 140 1
35 23 18
224 264 14
115 148 7
126 169 3
217 278 14
241 88 20
40 109 19
250 132 8
2 189 17
167 2 12
42 218 20
268 182 13
14 150 12
107 219 10
46 171 14
288 28 3
158 56 4
143 281 18
107 137 15
151 38 1
249 275 10
262 134 19
38 212 15
277 221 6
209 177 13
46 140 10
268 259 13
196 54 2
80 131 15
95 154 19
0 299 19
218 61 12
290 173 16
37 151 16
243 254 20
213 44 17
102 168 1
9 53 5
122 172 16
150 234 1
173 65 5
288 243 19
17 13 10
85 239 1
134 259 1
206 148 8
128 226 14
283 116 11
136 131 2
26 200 18
8 3 5
51 52 15
221 85 19
74 178 11
253 256 3
233 21 5
67 45 13
195 216 16
49 12 17
96 225 12
298 148 10
187 44 18
299 125 14
294 19 7
74 145 2
45 149 16
210 37 8
110 284 4
297 265 18
30 96 2
58 6 14
3 33 11
100 5 7
116 63 13
288 85 11
197 168 12
178 67 10
153 44 9
254 31 7
35 198 14
5 271 16
25 92 17
72 129 17
121 108 9
288 124 4
41 252 8
92 225 8
296 281 9
281 209 5
9 25 6
202 60 13
118 197 4
263 168 4
189 222 16
266 82 5
267 38 12
114 226 16
106 186 17
225 247 19
266 141 1
11 112 2
17 170 17
46 154 5
120 90 4
4 299 2
159 127 14
28 282 1
200 172 12
240 253 10
206 105 7
206 271 2
104 222 7
142 285 7
248 146 10
64 10 8
267 88 6
225 121 10
182 28 2
242 259 17
62 223 3
140 133 10
87 42 5
66 73 11
215 128 7
165 77 9
29 18 1
57 191 18
283 262 1
74 90 20
141 275 7
54 30 16
60 164 15
212 187 2
79 212 2
175 278 10
202 55 14
197 50 19
297 148 17
58 280 3
201 13 6
8 13 9
273 116 7
239 255 2
9 265 9
27 84 9
213 232 12
253 14 17
274 249 10
137 269 16
96 247 20
128 211 16
277 76 20
101 25 4
46 261 11
125 6 10
12 93 9
233 67 11
193 165 4
275 88 2
104 51 19
141 185 18
280 23 7
58 285 4
138 276 12
269 123 20
226 155 6
231 228 20
194 59 2
257 232 5
94 3 14
115 118 7
224 13 7
184 224 7
239 74 7
201 196 14
148 31 15
247 190 19
187 134 11
75 137 5
64 113 15
186 54 12
55 5 17
268 101 6
217 210 19
227 246 17
167 283 19
3 108 15
282 73 3
167 39 13
289 188 3
161 22 12
6 207 2
3 283 4
213 182 6
198 290 16
54 260 7
249 228 20
60 270 10
243 90 10
232 2 12
280 197 10
117 200 1
74 98 16
267 111 3
295 231 14
135 171 17
160 134 15
147 215 18
233 142 6
219 166 19
68 55 11
76 184 6
180 4 16
275 145 9
220 183 14
5 138 5
66 265 7
32 66 1
75 257 11
52 15 2
171 108 10
144 29 7
158 257 13
210 123 16
46 229 1
202 289 4
131 252 14
4 52 3
7 160 18
101 115 9
278 83 10
264 263 3
239 41 11
49 79 16
209 16 18
3 68 4
221 66 14
257 135 15
246 205 11
261 69 15
278 7 1
112 48 6
234 289 13
174 120 17
51 196 15
146 13 16
229 2 18
208 95 17
97 13 19
216 44 4
196 162 5
237 31 8
89 229 13
244 108 1
112 78 7
223 157 12
23 283 12
273 287 12
186 9 8
59 272 12
292 175 16
247 57 17
97 158 12
276 216 15
247 78 17
73 253 9
30 119 7
283 227 1
104 190 4
297 109 2
20 238 1
32 286 7
142 37 15
65 26 12
119 213 9
260 246 11
60 94 18
138 243 2
200 229 16
200 161 1
194 166 7
13 194 18
116 266 14
4 266 12
232 263 15
74 237 13
44 107 5
287 239 4
96 162 19
124 249 18
247 179 18
118 193 3
238 16 9
181 283 19
45 74 16
113 29 2
248 56 15
124 131 7
203 41 8
12 1 3
115 50 7
153 68 1
174 204 16
108 119 14
101 211 16
36 182 14
32 274 3
282 244 12
269 111 10
146 191 15
199 24 12
213 275 12
267 277 16
97 146 9
39 52 18
222 295 20
215 75 7
10 32 7
110 105 10
58 211 1
170 134 14
90 0 18
197 150 15
68 215 20
55 205 10
276 153 12
204 53 20
264 142 14
125 279 19
284 42 5
191 274 6
93 241 11
152 259 16
279 0 1
114 208 7
101 77 15
176 228 12
50 247 13
297 248 7
174 77 11
299 168 8
43 286 3
250 120 18
143 92 8
69 49 20
196 228 10
2 96 18
156 227 20
221 144 1
74 20 15
238 259 1
100 295 15
260 220 20
83 269 15
37 53 20
253 112 7
274 39 1
85 295 9
187 73 20
48 148 18
176 293 18
135 73 5
0 65 5
2 220 13
267 46 6
53 58 5
243 94 4
82 125 4
75 102 3
194 242 19
129 101 1
265 118 18
112 168 20
165 60 4
10 206 12
26 170 9
295 36 10
70 129 5
278 145 9
219 54 5
159 36 15
192 162 1
93 45 10
59 288 17
282 76 9
275 173 20
23 229 10
56 67 20
198 178 14
36 141 15
257 3 17
144 160 9
256 18 6
263 101 10
6 245 19
245 133 5
250 35 11
90 15 6
30 275 2
292 191 12
7 183 1
244 37 6
160 225 13
160 68 19
88 165 16
18 249 10
91 149 20
104 146 12
79 23 15
131 66 7
119 35 20
34 208 15
297 10 1
193 178 10
72 288 15
105 178 7
18 233 2
284 95 9
252 177 4
138 49 9
110 269 14
248 171 11
287 246 17
42 68 15
33 285 3
76 49 15
240 280 14
214 132 1
85 243 13
281 21 19
227 103 9
126 136 8
62 268 18
15 259 4
190 138 19
96 117 15
97 64 2
91 266 20
206 68 13
235 213 13
33 76 19
6 288 3
10 36 14
54 98 14
131 173 13
82 187 4
223 277 11
214 117 14
289 172 7
140 186 20
266 135 13
12 20 12
214 266 6
17 30 6
286 218 5
48 35 10
276 94 6
164 220 2
184 52 10
155 6 18
102 141 12
136 263 6
214 294 10
90 246 6
18 235 16
204 25 11
198 100 1
211 233 18
192 169 7
83 186 17
30 194 19
166 87 14
242 65 20
269 198 18
298 46 12
269 45 20
126 110 1
95 140 17
284 93 6
83 118 20
151 199 7
94 1 10
141 211 2
54 97 8
38 276 13
33 101 4
47 242 4
13 185 12
174 86 12
250 239 17
106 66 5
51 264 6
98 142 16
36 103 12
188 143 7
217 258 2
142 15 14
252 106 20
38 223 18
298 297 19
165 18 8
0 3 9
85 21 9
262 23 16
62 231 14
265 170 6
262 280 20
85 185 2
238 258 5
125 77 4
182 191 6
104 169 18
127 89 17
108 249 4
258 171 15
259 203 17
283 211 12
287 294 12
53 281 4
75 114 1
114 56 17
72 117 12
98 238 8
262 255 16
121 210 3
296 197 9
20 208 16
170 58 16
171 280 14
111 256 4
49 114 14
254 241 12
256 216 2
45 132 16
191 39 3
247 5 10
178 160 4
48 52 2
3 6 4
298 267 3
44 189 3
247 9 18
242 234 13
188 197 10
53 206 4
294 155 9
153 155 5
14 139 17
285 231 11
177 3 14
266 201 20
200 294 7
116 40 4
299 154 2
76 274 2
3 241 15
276 128 10
141 61 15
9 279 18
40 94 13
23 114 15
152 106 18
55 42 20
173 56 2
126 182 13
106 100 19
43 242 6
14 123 13
247 157 8
196 72 16
164 70 12
150 194 13
260 7 19
183 162 20
220 45 17
184 294 1
139 260 19
249 182 6
3 165 2
60 132 17
151 180 20
295 96 10
159 130 7
108 186 15
21 245 5
193 58 19
274 93 9
3 84 16
201 244 3
128 95 14
229 108 9
296 111 15
271 226 17
183 212 9
28 29 20
150 275 16
254 153 2
250 67 4
224 214 11
264 28 8
17 220 9
173 279 16
210 229 7
195 36 8
39 253 4
172 151 3
18 206 4
63 152 17
95 4 19
104 220 14
59 244 19
118 155 12
281 213 9
254 145 6
151 13 3
183 74 19
45 111 12
207 124 11
100 81 6
273 16 15
126 168 16
147 227 11
280 53 2
39 109 7
101 178 14
189 120 1
34 155 14
97 87 16
102 279 4
293 215 19
123 59 18
299 274 4
210 80 1
241 163 4
178 264 13
257 89 16
127 135 12
60 269 9
57 241 12
118 151 18
193 292 1
156 236 16
216 153 2
230 204 10
246 155 10
40 206 11
213 38 6
171 213 6
15 133 2
52 132 12
131 117 17
51 67 12
162 59 5
230 106 10
93 288 6
112 204 5
5 40 14
278 292 12
250 96 3
280 264 7
196 135 17
230 264 14
39 108 19
56 188 2
293 218 17
94 192 4
153 280 8
117 146 8
25 120 5
108 61 9
192 110 8
4 297 20
67 3 19
240 12 4
193 284 3
8 96 20
281 104 15
95 0 4
263 152 1
170 222 2
254 251 19
96 53 17
99 250 19
283 51 18
197 250 14
176 130 5
150 153 3
35 27 16
145 107 10
289 233 19
62 77 16
166 270 17
273 202 11
49 222 10
222 138 19
263 157 6
145 5 6
184 176 2
116 11 18
260 151 15
249 53 6
172 170 18
274 24 9
265 6 19
216 142 19
157 113 1
31 125 5
22 245 20
225 276 12
213 126 4
98 299 8
261 50 13
164 192 10
24 265 13
227 209 19
77 297 11
212 214 12
161 278 12
252 290 11
59 130 3
209 216 7
72 23 16
102 230 10
191 65 17
269 100 12
96 37 6
148 18 2
51 5 14
209 99 14
226 273 10
210 143 16
275 167 15
239 137 15
273 172 8
170 47 19
75 16 9
176 275 17
51 27 18
200 66 5
213 30 7
200 289 20
64 147 7
161 119 16
296 156 8
165 213 1
265 275 14
211 33 13
93 196 14
239 234 3
10 145 8
51 101 20
241 51 17
103 159 8
246 146 11
59 135 6
216 137 1
261 260 15
12 10 18
72 124 5
283 223 14
157 292 3
149 56 18
25 158 13
94 27 15
84 36 2
109 212 15
34 135 14
227 251 19
6 179 7
224 46 13
52 123 2
144 27 3
223 246 9
57 299 4
56 177 5
143 147 16
24 232 10
266 80 16
209 270 18
258 177 5
193 220 13
6 204 8
30 56 1
236 31 6
218 8 4
94 100 15
245 274 18
72 253 12
33 130 6
74 92 4
291 234 8
135 222 2
80 123 2
78 227 2
230 11 10
291 30 17
295 292 15
101 119 9
151 227 16
130 131 15
189 209 9
83 126 7
64 74 3
231 128 17
138 56 16
36 76 14
132 231 14
150 35 14
40 128 12
94 285 4
142 81 1
188 116 13
263 104 8
236 148 14
246 2 7
248 25 10
213 282 2
111 62 6
216 168 12
134 270 3
274 134 14
295 226 15
259 232 16
9 182 10
280 229 8
263 165 15
103 166 19
284 64 14
132 201 10
200 8 10
191 137 13
280 212 6
133 46 14
120 248 4
66 28 18
172 272 17
279 121 10
38 179 17
74 149 2
83 70 18
63 205 16
273 86 9
2 161 17
267 216 2
219 192 4
244 38 10
179 104 12
257 208 10
186 156 7
197 177 12
129 127 1
274 255 6
105 174 17
125 72 7
8 243 7
172 140 1
281 229 14
61 182 19
250 133 1
217 256 4
146 103 3
44 261 16
190 125 18
216 222 14
173 37 6
21 265 20
33 77 17
27 290 7
111 135 15
158 168 19
128 195 9
69 283 12
23 182 10
28 71 8
81 175 20
96 120 19
87 234 20
294 182 4
161 221 20
236 256 1
12 202 14
81 192 16
87 114 18
180 249 14
8 205 10
235 176 17
279 194 11
235 16 11
63 106 11
14 106 11
226 252 10
155 63 15
40 95 2
209 19 2
48 255 20
295 271 11
91 299 2
66 52 14
224 284 3
86 229 6
188 23 5
291 266 15
95 38 10
140 146 15
138 83 15
173 52 16
175 250 14
224 270 20
230 140 5
0 60 7
159 124 6
270 91 20
230 26 8
257 93 8
131 79 19
145 138 17
234 238 15
195 69 9
237 196 1
285 264 12
197 187 1
278 36 2
57 73 19
196 10 18
79 150 14
26 257 18
277 266 12
50 160 2
150 132 7
244 70 5
74 96 11
43 263 16
143 106 15
62 44 1
126 53 18
205 250 10
202 193 5
68 241 13
142 96 3
244 257 19
55 164 9
122 185 5
40 297 1
56 135 7
16 31 12
162 95 13
159 45 9
99 118 16
197 120 8
268 58 5
272 140 20
166 235 19
281 161 7
55 94 5
209 219 13
181 249 13
204 95 10
184 227 9
28 170 10
287 176 18
19 255 15
141 225 11
74 24 4
71 109 17
73 281 2
43 148 18
82 14 19
132 272 2
5 269 1
17 23 2
6 228 8
282 200 17
292 78 5
277 140 6
234 114 15
260 198 5
287 74 8
95 278 6
158 238 3
173 244 11
261 57 15
192 253 20
72 41 7
122 115 12
141 1 12
108 41 8
166 101 4
160 177 10
285 144 20
24 155 13
284 286 15
170 207 12
123 174 8
207 67 7
261 93 12
229 121 13
188 78 10
56 98 2
18 172 14
100 159 2
95 178 1
21 92 17
15 71 17
98 208 3
174 6 13
103 254 17
231 145 19
165 161 6
13 107 20
166 178 7
176 175 20
119 105 11
253 56 15
46 119 20
4 92 14
272 31 19
128 149 14
132 125 12
182 155 3
106 197 6
50 218 4
241 255 2
168 152 8
69 31 19
6 30 8
206 115 5
8 163 13
258 71 14
58 202 12
101 149 6
9 36 5
58 144 9
98 23 19
139 39 11
8 22 7
218 14 5
75 44 18
118 137 5
135 167 11
248 158 15
137 222 7
117 26 1
58 92 15
88 171 17
86 159 18
226 26 9
27 69 17
217 39 2
106 65 9
273 184 17
255 74 18
117 160 6
110 102 3
52 268 7
173 231 5
84 184 15
250 62 14
259 271 20
98 163 12
103 140 10
268 267 4
162 215 9
112 157 20
240 126 1
12 152 2
102 204 20
148 223 5
159 42 6
8 216 19
72 153 18
114 169 1
263 21 14
273 177 11
200 202 8
287 288 15
216 231 11
13 206 13
227 288 1
253 152 2
193 274 14
78 208 9
109 208 11
133 132 7
30 168 9
22 59 6
79 34 6
68 11 6
259 29 9
245 68 11
130 94 18
283 251 14
76 293 15
19 113 19
111 142 9
282 248 16
154 148 15
79 223 6
291 256 12
101 134 16
76 58 3
284 98 16
59 93 14
51 191 5
52 267 3
75 37 6
118 3 5
135 246 2
21 208 5
45 128 20
274 52 7
111 104 2
86 297 9
51 132 18
84 133 11
183 139 16
81 297 15
193 198 14
153 172 9
267 105 17
218 72 10
194 72 15
121 127 18
91 80 14
10 171 12
167 65 17
170 209 5
177 51 4
79 156 8
236 208 1
191 162 2
132 241 17
222 299 11
203 83 16
167 14 12
127 9 13
145 156 17
132 244 17
183 140 2
169 32 3
26 84 11
87 218 10
106 38 10
287 90 17
58 138 9
268 188 19
226 72 11
179 93 5
197 242 12
144 72 9
288 118 11
252 180 1
74 257 13
189 272 8
282 273 14
112 224 12
222 270 4
120 281 5
42 70 4
214 156 1
32 106 19
173 243 5
191 175 17
136 249 15
171 194 2
50 126 3
265 13 5
265 283 4
83 146 19
108 196 18
192 157 13
153 203 13
199 131 7
204 297 5
125 251 5
298 62 1
63 198 1
53 158 7
114 270 3
133 194 19
258 23 17
245 147 1
252 239 7
76 195 10
277 189 15
116 6 18
102 287 17
136 33 1
33 297 1
154 249 10
292 177 20
69 158 15
156 121 18
108 155 2
213 227 12
100 136 14
213 11 14
132 229 6
126 209 20
272 115 6
88 19 4
227 162 9
225 279 2
60 32 13
257 133 11
175 158 20
52 74 18
38 218 12
31 154 3
140 239 9
163 225 13
17 8 18
68 4 13
38 132 11
298 57 9
144 105 6
11 79 10
164 170 19
30 238 13
244 9 7
67 248 13
155 276 15
274 86 1
232 251 11
233 120 15
239 247 14
240 157 9
194 239 3
188 234 6
110 201 16
117 89 16
140 55 9
142 79 17
12 87 3
51 194 16
172 141 9
57 157 13
17 84 12
277 161 4
285 130 14
36 289 19
41 10 12
196 67 20
5 266 1
299 151 15
131 8 7
288 109 15
24 94 18
197 288 18
227 241 14
297 206 19
13 133 1
225 78 14
138 71 10
161 100 3
157 210 17
25 237 11
81 138 7
163 175 6
175 114 4
97 201 8
233 164 14
121 160 4
181 133 9
0 204 1
237 30 20
163 127 5
142 201 12
197 15 2
134 199 17
129 195 10
93 161 12
100 211 16
46 131 17
281 157 9
24 229 18
183 148 10
270 34 20
152 209 10
241 186 4
30 282 15
99 67 10
157 268 20
173 21 18
151 70 5
24 136 1
2 265 19
133 252 3
88 0 2
69 247 1
73 233 13
298 187 18
220 41 9
295 254 15
221 145 1
267 183 13
91 133 18
176 266 12
212 266 20
160 136 13
289 175 5
228 165 11
3 207 8
223 192 5
95 26 7
243 182 11
297 211 10
68 63 2
298 142 13
186 276 5
4 41 5
75 184 5
125 255 11
81 239 1
11 268 12
137 297 14
81 251 14
278 287 17
17 224 14
34 216 7
258 226 12
137 266 20
58 252 19
229 73 9
236 142 1
81 71 3
140 165 20
190 218 20
42 5 6
280 61 16
208 50 5
233 161 3
208 159 8
225 282 18
248 225 5
236 200 16
232 159 5
287 277 15
224 103 16
190 162 3
34 227 16
255 180 8
187 266 19
17 14 14
258 32 11
51 168 10
140 295 4
124 298 11
220 171 9
87 15 11
36 21 6
128 94 3
247 204 12
280 282 2
20 119 15
79 274 6
73 227 14
70 209 7
274 128 9
97 297 1
50 249 17
248 207 20
109 220 19
197 273 2
8 187 19
240 142 8
116 174 12
96 4 12
192 124 2
54 246 11
66 215 6
245 200 4
256 197 6
193 201 9
43 282 9
13 292 13
23 48 11
228 79 15
65 100 3
35 106 1
93 75 5
34 243 2
226 291 15
111 228 2
262 248 2
277 255 8
195 44 9
245 93 5
46 288 20
226 233 16
167 170 11
288 272 17
123 255 4
282 169 9
14 83 19
231 10 6
199 144 8
87 3 8
109 8 3
47 67 6
174 30 11
188 122 9
251 235 3
21 1 7
212 181 12
84 39 14
103 165 18
161 211 4
53 56 6
141 267 5
240 273 1
213 284 9
16 35 3
64 283 5
61 299 12
95 266 9
197 2 5
201 251 17
138 37 11
29 268 7
62 232 13
205 115 13
217 176 5
68 264 4
255 106 3
121 263 15
143 270 17
147 121 19
141 25 16
141 169 1
205 182 9
14 198 10
217 9 20
160 138 2
117 125 5
179 114 1
256 229 10
43 245 16
96 252 19
96 128 9
267 99 16
210 165 15
164 280 19
90 132 11
138 36 20
201 80 4
84 52 16
166 266 4
144 78 11
279 226 12
206 1 15
282 192 18
24 26 3
156 28 12
216 162 15
22 151 16
32 229 14
204 167 10
83 62 20
109 197 7
184 276 4
221 72 18
14 164 6
106 39 6
223 264 19
38 197 7
42 251 12
241 242 16
175 107 17
173 213 17
0 228 6
246 178 2
260 18 20
93 286 16
1 177 16
175 242 7
158 191 6
83 50 6
109 116 15
240 176 7
284 32 13
101 207 19
56 11 4
41 154 20
243 211 6
238 42 19
231 146 14
136 112 8
258 110 9
138 85 7
236 283 16
72 161 13
250 153 11
213 263 12
148 228 2
142 265 3
137 108 10
43 211 10
232 158 2
186 220 16
7 96 7
45 139 2
187 45 13
13 110 17
179 207 18
116 140 3
12 163 14
55 127 2
252 73 14
77 3 10
102 71 10
263 282 16
23 220 17
119 27 12
257 104 4
140 192 7
169 37 14
80 155 12
282 206 6
113 264 9
84 197 8
96 182 18
122 13 1
242 132 8
74 233 10
132 296 5
158 299 15
156 41 5
218 62 9
35 46 3
58 5 1
271 38 8
280 43 5
82 89 16
28 213 10
68 62 3
92 6 15
272 270 4
82 221 18
40 87 17
218 212 16
72 278 6
90 147 19
189 284 9
54 70 15
227 6 18
61 98 8
100 49 6
14 278 20
213 139 5
59 224 11
98 58 6
207 201 14
74 65 6
59 259 18
34 81 11
232 270 11
268 126 14
202 182 13
87 244 18
166 37 8
232 9 14
12 147 19
272 175 2
263 31 20
292 129 2
71 291 3
228 120 7
29 86 4
27 289 7
97 227 16
101 116 4
43 63 12
243 219 9
293 65 12
138 44 6
136 119 15
272 227 12
268 248 16
192 71 18
248 277 20
159 288 10
64 52 4
117 104 5
241 90 7
141 256 17
128 204 18
87 228 11
143 229 14
60 174 8
236 126 11
187 265 6
133 293 19
162 15 11
214 12 12
155 214 9
130 29 8
285 280 2
143 66 8
256 205 18
69 161 18
281 217 15
79 259 4
218 195 5
114 53 14
121 47 1
112 263 14
34 42 17
56 222 5
115 248 6
105 97 19
172 20 2
70 29 1
255 248 10
87 104 1
207 13 6
216 194 13
240 65 17
123 26 6
5 99 14
119 254 18
67 215 9
25 275 5
42 294 18
77 73 17
34 271 4
95 6 7
107 228 11
222 8 6
71 207 19
147 271 3
250 290 4
178 18 6
169 82 14
42 138 2
17 298 3
139 44 15
271 105 5
183 58 16
93 281 3
74 146 17
255 286 19
241 38 16
109 205 20
16 219 6
177 119 16
165 242 12
35 166 20
184 105 13
237 90 12
5 165 2
5 142 17
38 104 10
173 236 5
229 6 14
169 207 20
158 229 7
294 24 12
172 41 20
62 255 9
81 12 4
103 7 6
186 268 16
203 233 9
139 112 3
93 213 4
107 47 11
103 218 12
52 119 8
33 161 11
220 152 8
153 147 14
9 78 5
281 244 13
181 134 1
247 117 16
232 23 5
15 48 15
101 30 10
215 284 11
103 44 16
215 195 20
163 235 16
212 185 6
114 153 4
6 291 19
2 155 20
243 270 5
160 73 13
213 87 20
66 3 7
105 104 15
135 233 17
119 38 16
102 62 5
272 68 14
40 187 17
20 157 19
221 184 1
232 128 20
155 142 13
38 120 1
59 210 1
234 13 4
256 237 11
58 94 19
214 34 4
281 159 4
3 284 10
97 263 9
292 28 9
180 258 19
148 84 20
128 82 5
132 181 3
57 189 17
31 33 10
62 221 4
297 136 15
214 49 10
63 196 18
66 255 10
288 96 17
206 180 8
73 156 2
273 207 8
91 201 20
3 141 19
87 198 11
145 130 13
190 282 8
290 5 15
151 270 5
48 45 9
79 285 9
288 141 5
252 97 2
262 131 3
171 229 8
28 148 16
191 156 3
178 284 7
127 115 15
52 286 9
199 166 16
224 70 4
285 77 1
218 16 6
236 218 13
296 179 6
108 152 7
211 256 3
286 91 18
122 140 14
146 223 18
101 294 16
100 158 10
145 20 7
175 91 15
168 171 19
105 58 11
261 147 2
24 252 16
270 227 8
63 75 18
59 248 13
246 293 17
72 149 20
54 101 13
267 112 12
206 85 2
263 59 20
153 245 19
224 164 8
250 188 19
0 214 2
118 34 20
2 146 20
144 16 1
232 280 18
90 296 18
239 203 18
198 121 7
76 213 15
61 40 19
279 168 20
2 73 3
65 282 19
